day,time,src_node,dst_node
0,1.082400,1,13
0,1.266136,1,13
0,8.260637,1,13
0,1.253792,2,13
0,1.583392,2,13
0,1.665792,2,13
0,1.902775,2,13
0,2.010030,2,13
0,2.282711,2,13
0,1.088992,4,13
0,7.265296,4,13
0,1.000000,13,4
0,2.236000,13,4
0,2.575017,13,4
0,1.082400,13,15
0,1.988800,13,15
0,9.038121,13,15
0,1.164800,13,18
0,1.329600,13,18
0,1.576800,13,18
0,1.741600,13,18
0,1.824000,13,18
0,1.906400,13,18
0,2.071200,13,18
0,2.153600,13,18
0,2.318400,13,18
0,1.247200,13,21
0,1.412000,13,21
0,1.494400,13,21
0,1.659200,13,21
0,2.400800,13,21
0,1.164800,14,13
0,2.341910,14,13
0,1.336192,18,13
0,3.720350,18,13
0,1.171392,21,13
0,1.418592,21,13
0,1.500992,21,13
0,1.748192,21,13
0,2.113278,21,13
1,1.082400,1,13
1,22.298138,1,13
1,1.084048,2,13
1,1.248848,2,13
1,1.331248,2,13
1,2.210975,2,13
1,1.166448,4,13
1,3.942192,4,13
1,1.000000,13,4
1,1.247200,13,4
1,1.329600,13,4
1,2.236000,13,4
1,2.318400,13,4
1,3.200303,13,4
1,1.082400,13,18
1,1.412000,13,18
1,1.494400,13,18
1,1.659200,13,18
1,1.741600,13,18
1,1.824000,13,18
1,1.906400,13,18
1,1.988800,13,18
1,2.071200,13,18
1,2.153600,13,18
1,2.400800,13,18
1,2.565600,13,18
1,2.730400,13,18
1,1.164800,13,21
1,1.576800,13,21
1,2.483200,13,21
1,2.648000,13,21
1,1.164800,14,13
1,14.363939,14,13
1,1.496048,18,13
1,1.660848,18,13
1,6.583437,18,13
1,1.413648,21,13
1,1.578448,21,13
1,1.743248,21,13
1,1.825648,21,13
1,2.096134,21,13
2,1.082400,1,13
2,3.418740,1,13
2,1.251320,2,13
2,1.498520,2,13
2,1.580920,2,13
2,1.663320,2,13
2,1.745720,2,13
2,1.992920,2,13
2,2.157720,2,13
2,2.487320,2,13
2,2.569720,2,13
2,2.734520,2,13
2,2.816920,2,13
2,3.064120,2,13
2,3.146520,2,13
2,1.086520,4,13
2,21.535237,4,13
2,1.000000,13,4
2,1.329600,13,4
2,1.659200,13,4
2,2.236000,13,4
2,2.730400,13,4
2,1.082400,13,15
2,5.861289,13,15
2,1.164800,13,18
2,1.412000,13,18
2,1.494400,13,18
2,1.576800,13,18
2,1.741600,13,18
2,1.906400,13,18
2,1.988800,13,18
2,2.071200,13,18
2,2.153600,13,18
2,2.318400,13,18
2,2.400800,13,18
2,2.565600,13,18
2,2.648000,13,18
2,1.247200,13,21
2,1.824000,13,21
2,2.483200,13,21
2,2.812800,13,21
2,1.164800,14,13
2,8.481564,14,13
2,1.168920,21,13
2,1.333720,21,13
2,1.416120,21,13
2,1.828120,21,13
2,1.910520,21,13
2,2.075320,21,13
2,2.240120,21,13
2,2.322520,21,13
2,2.404920,21,13
2,2.652120,21,13
2,2.899320,21,13
2,2.981720,21,13
2,3.228920,21,13
3,1.251320,2,13
3,1.580920,2,13
3,1.745720,2,13
3,1.910520,2,13
3,1.992920,2,13
3,2.240120,2,13
3,2.322520,2,13
3,2.404920,2,13
3,2.569720,2,13
3,2.899320,2,13
3,3.064120,2,13
3,1.086520,4,13
3,8.244095,4,13
3,1.000000,13,4
3,2.400800,13,4
3,3.200230,13,4
3,1.082400,13,15
3,1.412000,13,15
3,1.741600,13,15
3,1.988800,13,15
3,3.060000,13,15
3,1.164800,13,18
3,1.329600,13,18
3,1.494400,13,18
3,1.576800,13,18
3,1.659200,13,18
3,1.824000,13,18
3,1.906400,13,18
3,2.071200,13,18
3,2.236000,13,18
3,2.318400,13,18
3,2.483200,13,18
3,2.648000,13,18
3,2.730400,13,18
3,2.812800,13,18
3,2.977600,13,18
3,1.247200,13,21
3,2.153600,13,21
3,2.565600,13,21
3,2.895200,13,21
3,1.089266,14,13
3,9.972204,14,13
3,1.168920,21,13
3,1.333720,21,13
3,1.416120,21,13
3,1.498520,21,13
3,1.663320,21,13
3,1.828120,21,13
3,2.075320,21,13
3,2.157720,21,13
3,2.487320,21,13
3,2.652120,21,13
3,2.734520,21,13
3,2.816920,21,13
3,2.981720,21,13
4,1.252968,2,13
4,1.500168,2,13
4,1.582568,2,13
4,1.664968,2,13
4,1.829768,2,13
4,1.912168,2,13
4,1.994568,2,13
4,2.159368,2,13
4,2.324168,2,13
4,2.488968,2,13
4,2.571368,2,13
4,2.736168,2,13
4,1.170568,4,13
4,2.241768,4,13
4,2.900968,4,13
4,1.000000,13,4
4,3.313159,13,4
4,1.082400,13,15
4,1.164800,13,15
4,1.576800,13,15
4,1.988800,13,15
4,2.071200,13,15
4,2.483200,13,15
4,1.247200,13,18
4,1.412000,13,18
4,1.494400,13,18
4,1.659200,13,18
4,1.741600,13,18
4,1.824000,13,18
4,1.906400,13,18
4,2.153600,13,18
4,2.318400,13,18
4,2.400800,13,18
4,2.648000,13,18
4,2.812800,13,18
4,1.329600,13,21
4,2.236000,13,21
4,2.565600,13,21
4,2.730400,13,21
4,3.649401,13,21
4,1.089266,14,13
4,1.530849,14,13
4,6.671896,14,13
4,1.088168,21,13
4,1.335368,21,13
4,1.417768,21,13
4,1.747368,21,13
4,2.076968,21,13
4,2.406568,21,13
4,2.653768,21,13
4,2.818568,21,13
5,1.082400,1,13
5,3.906852,1,13
5,1.412000,2,13
5,1.741600,2,13
5,1.988800,2,13
5,2.236000,2,13
5,2.400800,2,13
5,2.483200,2,13
5,2.730400,2,13
5,2.812800,2,13
5,2.977600,2,13
5,3.060000,2,13
5,3.142400,2,13
5,3.224800,2,13
5,3.307200,2,13
5,3.472000,2,13
5,3.554400,2,13
5,3.884000,2,13
5,1.576800,3,13
5,4.296000,3,13
5,1.329600,4,13
5,4.213600,4,13
5,1.082400,6,13
5,4.543200,6,13
5,1.659200,7,13
5,3.966400,7,13
5,4.378400,7,13
5,4.460800,7,13
5,1.000000,13,4
5,2.054967,13,4
5,2.219767,13,4
5,1.164800,13,6
5,4.576622,13,6
5,1.082400,13,15
5,2.765852,13,15
5,1.247200,13,18
5,1.508793,13,18
5,1.642967,13,18
5,1.725367,13,18
5,1.807767,13,18
5,1.890167,13,18
5,2.137367,13,18
5,1.329600,13,21
5,1.412000,13,21
5,1.972567,13,21
5,2.914794,13,21
5,1.164800,14,13
5,8.482577,14,13
5,1.247200,15,13
5,4.048800,15,13
5,1.164800,21,13
5,1.494400,21,13
5,1.824000,21,13
5,1.906400,21,13
5,2.071200,21,13
5,2.153600,21,13
5,2.318400,21,13
5,2.565600,21,13
5,2.648000,21,13
5,2.895200,21,13
5,3.389600,21,13
5,3.636800,21,13
5,3.719200,21,13
5,3.801600,21,13
5,4.131200,21,13
6,1.082400,1,13
6,8.143531,1,13
6,1.494400,2,13
6,1.576800,2,13
6,1.659200,2,13
6,1.824000,2,13
6,1.906400,2,13
6,1.988800,2,13
6,2.071200,2,13
6,2.153600,2,13
6,2.483200,2,13
6,2.565600,2,13
6,2.648000,2,13
6,2.730400,2,13
6,2.895200,2,13
6,3.060000,2,13
6,3.307200,2,13
6,1.412000,4,13
6,2.977600,4,13
6,4.088192,4,13
6,1.082400,6,13
6,3.943954,6,13
6,1.000000,13,4
6,2.071200,13,4
6,2.153600,13,4
6,2.318400,13,4
6,2.730400,13,4
6,1.164800,13,6
6,16.890362,13,6
6,1.082400,13,15
6,1.412000,13,15
6,2.483200,13,15
6,1.247200,13,18
6,1.494400,13,18
6,1.576800,13,18
6,1.659200,13,18
6,1.741600,13,18
6,1.824000,13,18
6,1.906400,13,18
6,1.988800,13,18
6,2.236000,13,18
6,2.400800,13,18
6,2.565600,13,18
6,2.648000,13,18
6,1.329600,13,21
6,2.812800,13,21
6,1.164800,14,13
6,5.092046,14,13
6,1.247200,15,13
6,1.329600,15,13
6,8.530298,15,13
6,1.164800,21,13
6,1.741600,21,13
6,2.236000,21,13
6,2.318400,21,13
6,2.400800,21,13
6,2.812800,21,13
6,3.142400,21,13
6,3.224800,21,13
6,3.389600,21,13
7,1.576800,0,13
7,8.711697,0,13
7,1.082400,1,13
7,5.789820,1,13
7,1.247200,2,13
7,2.071200,2,13
7,2.483200,2,13
7,2.565600,2,13
7,2.648000,2,13
7,2.730400,2,13
7,2.812800,2,13
7,2.895200,2,13
7,2.977600,2,13
7,3.060000,2,13
7,3.142400,2,13
7,3.224800,2,13
7,3.307200,2,13
7,3.389600,2,13
7,3.472000,2,13
7,3.554400,2,13
7,3.636800,2,13
7,1.329600,4,13
7,4.209379,4,13
7,1.082400,6,13
7,7.599482,6,13
7,1.824000,9,13
7,11.140209,9,13
7,1.000000,13,2
7,3.479989,13,2
7,1.329600,13,4
7,1.741600,13,4
7,3.224800,13,4
7,1.082400,13,6
7,22.270236,13,6
7,1.412000,13,15
7,2.565600,13,15
7,3.142400,13,15
7,1.494400,13,18
7,1.576800,13,18
7,1.659200,13,18
7,2.153600,13,18
7,2.236000,13,18
7,2.318400,13,18
7,2.400800,13,18
7,2.483200,13,18
7,2.648000,13,18
7,2.812800,13,18
7,2.895200,13,18
7,2.977600,13,18
7,3.060000,13,18
7,1.164800,13,21
7,1.247200,13,21
7,1.824000,13,21
7,1.906400,13,21
7,1.988800,13,21
7,2.071200,13,21
7,2.730400,13,21
7,1.164800,14,13
7,1.603833,14,13
7,4.798151,14,13
7,1.988800,18,13
7,13.947507,18,13
7,1.164800,21,13
7,1.412000,21,13
7,1.494400,21,13
7,1.659200,21,13
7,1.741600,21,13
7,1.906400,21,13
7,2.153600,21,13
7,2.236000,21,13
7,2.318400,21,13
7,2.400800,21,13
8,1.082400,1,13
8,1.247200,1,13
8,2.595912,1,13
8,1.247200,2,13
8,1.824000,2,13
8,2.483200,2,13
8,2.565600,2,13
8,2.648000,2,13
8,2.730400,2,13
8,2.812800,2,13
8,2.895200,2,13
8,2.977600,2,13
8,3.060000,2,13
8,3.142400,2,13
8,3.224800,2,13
8,3.307200,2,13
8,3.389600,2,13
8,3.472000,2,13
8,1.329600,4,13
8,3.554400,4,13
8,1.082400,6,13
8,6.198691,6,13
8,1.000000,13,2
8,22.270236,13,2
8,1.329600,13,4
8,1.906400,13,4
8,2.895200,13,4
8,1.082400,13,6
8,16.890362,13,6
8,1.164800,13,15
8,1.412000,13,15
8,2.071200,13,15
8,2.977600,13,15
8,1.494400,13,18
8,1.576800,13,18
8,1.659200,13,18
8,1.741600,13,18
8,1.824000,13,18
8,1.988800,13,18
8,2.153600,13,18
8,2.236000,13,18
8,2.318400,13,18
8,2.400800,13,18
8,2.483200,13,18
8,2.565600,13,18
8,2.730400,13,18
8,2.812800,13,18
8,1.247200,13,21
8,2.648000,13,21
8,1.164800,14,13
8,11.101367,14,13
8,1.494400,18,13
8,10.711629,18,13
8,1.164800,21,13
8,1.412000,21,13
8,1.576800,21,13
8,1.659200,21,13
8,1.741600,21,13
8,1.906400,21,13
8,1.988800,21,13
8,2.071200,21,13
8,2.153600,21,13
8,2.236000,21,13
8,2.318400,21,13
8,2.400800,21,13
9,1.082400,1,13
9,1.861180,1,13
9,7.818081,1,13
9,2.648000,2,13
9,2.812800,2,13
9,2.895200,2,13
9,2.977600,2,13
9,3.060000,2,13
9,3.142400,2,13
9,3.224800,2,13
9,3.307200,2,13
9,3.389600,2,13
9,3.472000,2,13
9,3.554400,2,13
9,3.636800,2,13
9,3.719200,2,13
9,3.801600,2,13
9,3.884000,2,13
9,3.966400,2,13
9,4.048800,2,13
9,4.213600,2,13
9,4.296000,2,13
9,2.730400,4,13
9,4.378400,4,13
9,1.082400,6,13
9,2.236000,6,13
9,4.131200,6,13
9,1.000000,13,4
9,2.483200,13,4
9,2.895200,13,4
9,1.082400,13,6
9,6.104616,13,6
9,1.164800,13,15
9,3.127700,13,15
9,1.329600,13,18
9,1.412000,13,18
9,1.659200,13,18
9,1.741600,13,18
9,1.988800,13,18
9,2.236000,13,18
9,2.318400,13,18
9,2.400800,13,18
9,2.565600,13,18
9,2.648000,13,18
9,2.730400,13,18
9,2.812800,13,18
9,1.247200,13,21
9,1.494400,13,21
9,1.576800,13,21
9,1.824000,13,21
9,1.906400,13,21
9,2.071200,13,21
9,2.153600,13,21
9,1.164800,14,13
9,1.454176,14,13
9,1.943580,14,13
9,2.222993,14,13
9,1.164800,21,13
9,1.247200,21,13
9,1.329600,21,13
9,1.412000,21,13
9,1.494400,21,13
9,1.576800,21,13
9,1.659200,21,13
9,1.741600,21,13
9,1.824000,21,13
9,1.906400,21,13
9,1.988800,21,13
9,2.071200,21,13
9,2.153600,21,13
9,2.318400,21,13
9,2.400800,21,13
9,2.483200,21,13
9,2.565600,21,13
10,1.082400,1,13
10,15.190237,1,13
10,1.168920,2,13
10,1.992920,2,13
10,2.075320,2,13
10,2.404920,2,13
10,2.487320,2,13
10,2.569720,2,13
10,2.652120,2,13
10,2.734520,2,13
10,2.816920,2,13
10,2.899320,2,13
10,1.745720,4,13
10,8.556394,4,13
10,1.000000,13,4
10,1.741600,13,4
10,2.236000,13,4
10,2.812800,13,4
10,1.082400,13,15
10,1.659200,13,15
10,2.565600,13,15
10,1.329600,13,18
10,1.412000,13,18
10,1.494400,13,18
10,1.576800,13,18
10,1.824000,13,18
10,1.906400,13,18
10,1.988800,13,18
10,2.071200,13,18
10,2.153600,13,18
10,2.318400,13,18
10,2.400800,13,18
10,2.483200,13,18
10,2.648000,13,18
10,1.164800,13,21
10,1.247200,13,21
10,2.730400,13,21
10,1.164800,14,13
10,7.817317,14,13
10,1.910520,18,13
10,2.981720,18,13
10,1.086520,21,13
10,1.251320,21,13
10,1.333720,21,13
10,1.416120,21,13
10,1.498520,21,13
10,1.580920,21,13
10,1.663320,21,13
10,1.828120,21,13
10,2.157720,21,13
10,2.240120,21,13
10,2.322520,21,13
11,1.168920,2,13
11,1.333720,2,13
11,2.432565,2,13
11,1.000000,13,4
11,1.412000,13,4
11,1.494400,13,4
11,1.906400,13,4
11,2.648000,13,4
11,1.082400,13,15
11,1.247200,13,15
11,2.153600,13,15
11,1.329600,13,18
11,1.576800,13,18
11,1.659200,13,18
11,1.741600,13,18
11,1.824000,13,18
11,1.988800,13,18
11,2.071200,13,18
11,2.236000,13,18
11,2.318400,13,18
11,2.400800,13,18
11,2.483200,13,18
11,2.730400,13,18
11,1.164800,13,21
11,2.565600,13,21
11,1.086520,21,13
11,1.251320,21,13
11,1.687211,21,13
11,1.769611,21,13
11,1.953079,21,13
11,2.167437,21,13
12,1.000000,13,4
12,1.824000,13,4
12,2.400800,13,4
12,1.082400,13,6
12,15.551854,13,6
12,1.164800,13,15
12,1.659200,13,15
12,2.153600,13,15
12,1.741600,13,18
12,1.906400,13,18
12,1.988800,13,18
12,2.071200,13,18
12,2.318400,13,18
12,2.483200,13,18
12,1.247200,13,21
12,1.329600,13,21
12,1.412000,13,21
12,1.494400,13,21
12,1.576800,13,21
12,2.236000,13,21
13,1.000000,13,4
13,1.659200,13,4
13,2.237851,13,4
13,1.082400,13,6
13,11.635118,13,6
13,1.164800,13,15
13,2.637170,13,15
13,1.494400,13,18
13,1.576800,13,18
13,2.320251,13,18
13,1.247200,13,21
13,1.329600,13,21
13,1.412000,13,21
13,1.741600,13,21
13,2.084861,13,21
14,1.000000,13,2
14,22.270236,13,2
14,1.329600,13,4
14,1.494400,13,4
14,1.576800,13,4
14,2.029653,13,4
14,1.082400,13,6
14,16.890362,13,6
14,1.164800,13,15
14,2.192207,13,15
14,1.412000,13,18
14,1.659200,13,18
14,1.741600,13,18
14,1.866174,13,18
14,3.138775,13,18
14,1.247200,13,21
14,3.056375,13,21
15,1.000000,13,4
15,1.448765,13,4
15,2.782114,13,4
15,1.082400,13,15
15,2.864514,13,15
15,1.164800,13,18
15,4.765554,13,18
15,1.247200,13,21
15,1.329600,13,21
15,1.983342,13,21
15,2.589840,13,21
16,1.000000,13,4
16,1.362583,13,4
16,1.444983,13,4
16,1.620579,13,4
16,2.633213,13,4
16,1.082400,13,15
16,16.465909,13,15
16,1.164800,13,18
16,5.443185,13,18
16,1.247200,13,21
16,2.035612,13,21
17,1.000000,13,4
17,1.247200,13,4
17,1.381328,13,4
17,2.669588,13,4
17,1.082400,13,18
17,6.270179,13,18
17,1.164800,13,21
17,1.610362,13,21
17,2.111267,13,21
18,1.000000,13,4
18,1.298624,13,4
18,1.381024,13,4
18,1.463424,13,4
18,1.545824,13,4
18,1.628224,13,4
18,1.710624,13,4
18,1.793024,13,4
18,2.145936,13,4
18,1.082400,13,18
18,4.292917,13,18
18,1.164800,13,21
18,1.992202,13,21
18,3.997803,13,21
19,1.000000,13,2
19,2.604189,13,2
19,1.329600,13,4
19,1.412000,13,4
19,1.621711,13,4
19,1.752436,13,4
19,1.917236,13,4
19,1.999636,13,4
19,2.082036,13,4
19,1.082400,13,15
19,16.465909,13,15
19,1.164800,13,18
19,3.962123,13,18
19,1.247200,13,21
19,1.834836,13,21
19,2.175965,13,21
20,1.000000,13,2
20,13.327822,13,2
20,1.329600,13,4
20,1.412000,13,4
20,1.616710,13,4
20,1.699110,13,4
20,1.781510,13,4
20,1.997338,13,4
20,2.440736,13,4
20,1.082400,13,15
20,5.443185,13,15
20,1.164800,13,18
20,14.462967,13,18
20,1.247200,13,21
20,1.863910,13,21
20,3.676210,13,21
21,1.000000,13,4
21,1.576800,13,4
21,1.659200,13,4
21,1.824000,13,4
21,1.906400,13,4
21,2.153600,13,4
21,2.236000,13,4
21,2.318400,13,4
21,2.400800,13,4
21,2.565600,13,4
21,1.082400,13,6
21,2.071200,13,6
21,3.027942,13,6
21,1.164800,13,15
21,9.939191,13,15
21,1.247200,13,18
21,4.408139,13,18
21,1.329600,13,21
21,1.412000,13,21
21,1.494400,13,21
21,1.741600,13,21
21,1.988800,13,21
21,2.483200,13,21
22,1.000000,13,4
22,1.741600,13,4
22,1.824000,13,4
22,1.906400,13,4
22,1.988800,13,4
22,2.071200,13,4
22,2.153600,13,4
22,1.082400,13,15
22,23.572355,13,15
22,1.164800,13,18
22,2.510004,13,18
22,1.247200,13,21
22,1.329600,13,21
22,1.412000,13,21
22,1.494400,13,21
22,1.576800,13,21
22,1.659200,13,21
22,2.898665,13,21
24,1.000000,13,4
24,1.164800,13,4
24,1.247200,13,4
24,1.329600,13,4
24,1.467219,13,4
24,1.549619,13,4
24,1.632019,13,4
24,1.796819,13,4
24,1.879219,13,4
24,1.961619,13,4
24,2.044019,13,4
24,2.318517,13,4
24,1.082400,13,21
24,1.714419,13,21
24,2.236117,13,21
25,1.000000,13,4
25,1.164800,13,4
25,1.294229,13,4
25,1.376629,13,4
25,1.623829,13,4
25,1.706229,13,4
25,1.788629,13,4
25,1.893973,13,4
25,1.976373,13,4
25,2.170694,13,4
25,1.082400,13,21
25,1.459029,13,21
25,1.541429,13,21
25,2.437800,13,21
26,1.000000,13,4
26,1.247200,13,4
26,1.503873,13,4
26,1.586273,13,4
26,1.760250,13,4
26,1.842650,13,4
26,1.925050,13,4
26,2.007450,13,4
26,2.089850,13,4
26,2.172250,13,4
26,2.254650,13,4
26,1.082400,13,15
26,4.765554,13,15
26,1.164800,13,21
26,1.329600,13,21
26,1.412000,13,21
26,3.981495,13,21
27,1.000000,13,4
27,1.329600,13,4
27,1.412000,13,4
27,1.494400,13,4
27,1.576800,13,4
27,1.755389,13,4
27,2.888031,13,4
27,1.082400,13,15
27,4.765554,13,15
27,1.164800,13,18
27,2.750858,13,18
27,1.247200,13,21
27,1.940967,13,21
27,2.301553,13,21
28,1.000000,13,2
28,9.886371,13,2
28,1.412000,13,4
28,1.494400,13,4
28,1.576800,13,4
28,1.659200,13,4
28,1.824000,13,4
28,1.906400,13,4
28,1.988800,13,4
28,2.071200,13,4
28,2.236000,13,4
28,1.082400,13,6
28,13.713072,13,6
28,1.164800,13,15
28,4.765554,13,15
28,1.247200,13,18
28,1.741600,13,18
28,2.318400,13,18
28,1.329600,13,21
28,2.153600,13,21
28,3.487426,13,21
29,1.000000,13,4
29,1.247200,13,4
29,1.412000,13,4
29,1.494400,13,4
29,1.576800,13,4
29,1.659200,13,4
29,2.071200,13,4
29,2.153600,13,4
29,2.236000,13,4
29,2.400800,13,4
29,2.483200,13,4
29,2.565600,13,4
29,2.648000,13,4
29,2.812800,13,4
29,2.895200,13,4
29,2.977600,13,4
29,1.082400,13,18
29,1.988800,13,18
29,2.730400,13,18
29,1.164800,13,21
29,1.329600,13,21
29,1.741600,13,21
29,1.824000,13,21
29,1.906400,13,21
29,2.318400,13,21
30,1.000000,13,2
30,11.775349,13,2
30,1.247200,13,4
30,1.576800,13,4
30,1.659200,13,4
30,1.741600,13,4
30,1.906400,13,4
30,1.988800,13,4
30,2.071200,13,4
30,2.153600,13,4
30,2.318400,13,4
30,2.400800,13,4
30,1.082400,13,15
30,2.565600,13,15
30,1.329600,13,18
30,1.412000,13,18
30,1.824000,13,18
30,2.483200,13,18
30,1.164800,13,21
30,1.494400,13,21
30,2.236000,13,21
31,1.000000,13,4
31,1.247200,13,4
31,1.329600,13,4
31,1.494400,13,4
31,1.824000,13,4
31,1.906400,13,4
31,1.988800,13,4
31,2.071200,13,4
31,2.153600,13,4
31,2.236000,13,4
31,2.318400,13,4
31,1.164800,13,18
31,2.400800,13,18
31,1.082400,13,21
31,1.412000,13,21
31,1.576800,13,21
31,1.659200,13,21
31,1.741600,13,21
31,2.733325,13,21
32,1.000000,13,4
32,1.329600,13,4
32,1.494400,13,4
32,1.741600,13,4
32,2.236000,13,4
32,2.318400,13,4
32,2.400800,13,4
32,2.483200,13,4
32,2.565600,13,4
32,1.082400,13,18
32,1.247200,13,18
32,1.659200,13,18
32,1.824000,13,18
32,1.906400,13,18
32,1.988800,13,18
32,2.071200,13,18
32,2.949516,13,18
32,1.164800,13,21
32,1.412000,13,21
32,1.576800,13,21
32,2.153600,13,21
32,3.160865,13,21
33,1.000000,13,2
33,14.462967,13,2
33,1.329600,13,4
33,1.576800,13,4
33,1.659200,13,4
33,1.741600,13,4
33,1.906400,13,4
33,1.988800,13,4
33,2.236000,13,4
33,2.400800,13,4
33,2.483200,13,4
33,2.565600,13,4
33,2.648000,13,4
33,2.730400,13,4
33,2.812800,13,4
33,2.895200,13,4
33,3.060000,13,4
33,1.082400,13,6
33,4.765554,13,6
33,1.164800,13,15
33,4.501716,13,15
33,1.412000,13,18
33,2.977600,13,18
33,3.142400,13,18
33,1.247200,13,21
33,1.494400,13,21
33,1.824000,13,21
33,2.071200,13,21
33,2.153600,13,21
33,2.318400,13,21
34,1.082400,1,13
34,8.154312,1,13
34,1.169744,4,13
34,1.581744,4,13
34,1.746544,4,13
34,1.911344,4,13
34,2.158544,4,13
34,2.323344,4,13
34,2.405744,4,13
34,2.488144,4,13
34,2.570544,4,13
34,2.652944,4,13
34,2.735344,4,13
34,2.817744,4,13
34,2.900144,4,13
34,2.982544,4,13
34,3.064944,4,13
34,3.147344,4,13
34,3.229744,4,13
34,3.312144,4,13
34,3.394544,4,13
34,3.476944,4,13
34,3.559344,4,13
34,3.641744,4,13
34,3.724144,4,13
34,1.000000,13,2
34,14.462967,13,2
34,1.329600,13,4
34,1.494400,13,4
34,1.741600,13,4
34,1.824000,13,4
34,1.906400,13,4
34,1.988800,13,4
34,2.071200,13,4
34,2.153600,13,4
34,2.318400,13,4
34,2.400800,13,4
34,2.483200,13,4
34,2.565600,13,4
34,2.730400,13,4
34,1.082400,13,5
34,4.765554,13,5
34,1.164800,13,15
34,2.812800,13,15
34,1.412000,13,18
34,2.648000,13,18
34,3.837589,13,18
34,1.247200,13,21
34,1.576800,13,21
34,1.659200,13,21
34,2.236000,13,21
34,1.164800,14,13
34,25.762338,14,13
34,1.252144,16,13
34,1.664144,16,13
34,3.978214,16,13
34,1.499344,18,13
34,14.611487,18,13
34,1.087344,21,13
34,1.334544,21,13
34,1.416944,21,13
34,1.828944,21,13
34,1.993744,21,13
34,2.076144,21,13
34,2.240944,21,13
35,1.082400,1,13
35,22.298138,1,13
35,1.169744,4,13
35,1.416944,4,13
35,1.664144,4,13
35,2.076144,4,13
35,2.158544,4,13
35,2.323344,4,13
35,2.405744,4,13
35,2.488144,4,13
35,2.570544,4,13
35,2.652944,4,13
35,2.735344,4,13
35,2.817744,4,13
35,2.900144,4,13
35,2.982544,4,13
35,3.064944,4,13
35,3.147344,4,13
35,1.000000,13,2
35,16.465909,13,2
35,1.329600,13,4
35,1.494400,13,4
35,1.576800,13,4
35,1.659200,13,4
35,1.906400,13,4
35,1.988800,13,4
35,2.071200,13,4
35,2.153600,13,4
35,2.400800,13,4
35,2.483200,13,4
35,2.565600,13,4
35,2.730400,13,4
35,1.082400,13,15
35,14.462967,13,15
35,1.412000,13,18
35,2.318400,13,18
35,2.648000,13,18
35,1.164800,13,21
35,1.247200,13,21
35,1.741600,13,21
35,1.824000,13,21
35,2.236000,13,21
35,1.164800,14,13
35,4.263905,14,13
35,1.087344,21,13
35,1.252144,21,13
35,1.334544,21,13
35,1.499344,21,13
35,1.581744,21,13
35,1.746544,21,13
35,1.828944,21,13
35,1.911344,21,13
35,1.993744,21,13
35,2.240944,21,13
36,1.082400,1,13
36,52.684086,1,13
36,1.164800,2,13
36,15.955884,2,13
36,2.400800,4,13
36,2.483200,4,13
36,2.565600,4,13
36,2.648000,4,13
36,2.730400,4,13
36,2.812800,4,13
36,2.977600,4,13
36,3.060000,4,13
36,3.142400,4,13
36,3.224800,4,13
36,3.307200,4,13
36,3.389600,4,13
36,3.472000,4,13
36,3.554400,4,13
36,3.636800,4,13
36,3.719200,4,13
36,3.801600,4,13
36,3.884000,4,13
36,3.966400,4,13
36,4.048800,4,13
36,4.131200,4,13
36,4.213600,4,13
36,4.296000,4,13
36,4.378400,4,13
36,4.460800,4,13
36,4.543200,4,13
36,1.247200,5,13
36,2.895200,5,13
36,1.082400,6,13
36,7.810979,6,13
36,1.000000,13,2
36,2.648000,13,2
36,1.247200,13,4
36,1.494400,13,4
36,1.576800,13,4
36,1.659200,13,4
36,1.824000,13,4
36,1.906400,13,4
36,1.988800,13,4
36,2.071200,13,4
36,2.153600,13,4
36,2.318400,13,4
36,2.400800,13,4
36,2.483200,13,4
36,2.565600,13,4
36,2.730400,13,4
36,2.812800,13,4
36,2.977600,13,4
36,1.082400,13,15
36,13.327822,13,15
36,1.329600,13,18
36,2.895200,13,18
36,1.164800,13,21
36,1.412000,13,21
36,1.741600,13,21
36,2.236000,13,21
36,1.164800,14,13
36,4.722203,14,13
36,1.329600,21,13
36,1.412000,21,13
36,1.494400,21,13
36,1.576800,21,13
36,1.659200,21,13
36,1.741600,21,13
36,1.824000,21,13
36,1.906400,21,13
36,1.988800,21,13
36,2.071200,21,13
36,2.153600,21,13
36,2.236000,21,13
36,2.318400,21,13
37,1.082400,1,13
37,5.785012,1,13
37,1.576800,4,13
37,1.741600,4,13
37,1.906400,4,13
37,1.988800,4,13
37,2.318400,4,13
37,2.400800,4,13
37,2.565600,4,13
37,2.648000,4,13
37,2.730400,4,13
37,2.812800,4,13
37,2.895200,4,13
37,2.977600,4,13
37,3.060000,4,13
37,1.082400,6,13
37,2.483200,6,13
37,1.000000,13,2
37,2.648000,13,2
37,1.329600,13,4
37,1.824000,13,4
37,2.153600,13,4
37,2.236000,13,4
37,2.318400,13,4
37,2.400800,13,4
37,2.730400,13,4
37,2.812800,13,4
37,2.977600,13,4
37,3.060000,13,4
37,3.224800,13,4
37,1.082400,13,6
37,33.384234,13,6
37,1.164800,13,15
37,1.988800,13,15
37,15.486342,13,15
37,1.494400,13,18
37,1.659200,13,18
37,1.741600,13,18
37,2.483200,13,18
37,2.895200,13,18
37,3.142400,13,18
37,1.247200,13,21
37,1.412000,13,21
37,1.576800,13,21
37,1.906400,13,21
37,2.071200,13,21
37,2.565600,13,21
37,1.164800,14,13
37,1.263839,14,13
37,3.045947,14,13
37,1.164800,21,13
37,1.247200,21,13
37,1.329600,21,13
37,1.412000,21,13
37,1.494400,21,13
37,1.659200,21,13
37,1.824000,21,13
37,2.071200,21,13
37,2.153600,21,13
37,2.236000,21,13
38,1.082400,1,13
38,2.501130,1,13
38,1.169744,4,13
38,1.416944,4,13
38,1.581744,4,13
38,1.664144,4,13
38,1.828944,4,13
38,1.993744,4,13
38,2.323344,4,13
38,1.000000,13,2
38,11.660148,13,2
38,1.164800,13,4
38,1.329600,13,4
38,1.412000,13,4
38,1.494400,13,4
38,1.576800,13,4
38,1.659200,13,4
38,1.824000,13,4
38,2.071200,13,4
38,2.153600,13,4
38,2.318400,13,4
38,1.247200,13,18
38,1.988800,13,18
38,2.755128,13,18
38,1.082400,13,21
38,1.741600,13,21
38,1.906400,13,21
38,2.236000,13,21
38,1.164800,14,13
38,3.720923,14,13
38,1.087344,21,13
38,1.252144,21,13
38,1.334544,21,13
38,1.499344,21,13
38,1.746544,21,13
38,1.911344,21,13
38,2.076144,21,13
38,2.158544,21,13
38,2.240944,21,13
38,2.405744,21,13
39,1.169744,4,13
39,1.911344,4,13
39,2.076144,4,13
39,2.158544,4,13
39,2.240944,4,13
39,2.323344,4,13
39,2.488144,4,13
39,2.570544,4,13
39,2.652944,4,13
39,2.735344,4,13
39,1.000000,13,4
39,1.329600,13,4
39,1.412000,13,4
39,1.494400,13,4
39,1.659200,13,4
39,1.741600,13,4
39,1.824000,13,4
39,1.988800,13,4
39,2.071200,13,4
39,2.153600,13,4
39,2.318400,13,4
39,2.400800,13,4
39,1.164800,13,18
39,1.247200,13,18
39,1.576800,13,18
39,1.906400,13,18
39,2.483200,13,18
39,1.082400,13,21
39,2.236000,13,21
39,1.099566,14,13
39,27.720218,14,13
39,1.252144,16,13
39,1.581744,16,13
39,1.828944,16,13
39,15.374776,16,13
39,1.087344,21,13
39,1.334544,21,13
39,1.416944,21,13
39,1.499344,21,13
39,1.664144,21,13
39,1.746544,21,13
39,1.993744,21,13
39,2.405744,21,13
40,1.169744,4,13
40,1.275236,4,13
40,1.767617,4,13
40,1.850017,4,13
40,2.628647,4,13
40,1.000000,13,2
40,16.465909,13,2
40,1.494400,13,4
40,1.659200,13,4
40,1.824000,13,4
40,1.988800,13,4
40,2.153600,13,4
40,2.236000,13,4
40,2.318400,13,4
40,2.483200,13,4
40,2.565600,13,4
40,2.895200,13,4
40,1.082400,13,6
40,14.462967,13,6
40,1.164800,13,15
40,13.713072,13,15
40,1.576800,13,18
40,1.906400,13,18
40,2.400800,13,18
40,2.730400,13,18
40,2.812800,13,18
40,1.247200,13,21
40,1.329600,13,21
40,1.412000,13,21
40,1.741600,13,21
40,2.071200,13,21
40,2.648000,13,21
40,1.087344,21,13
40,1.477507,21,13
40,1.932417,21,13
40,2.014817,21,13
40,2.250831,21,13
41,1.000000,13,1
41,1.850758,13,1
41,4.885137,13,1
41,1.000000,13,2
41,1.988800,13,2
41,16.972291,13,2
41,1.329600,13,4
41,1.494400,13,4
41,1.576800,13,4
41,1.659200,13,4
41,1.741600,13,4
41,2.071200,13,4
41,2.153600,13,4
41,2.236000,13,4
41,2.318400,13,4
41,2.400800,13,4
41,2.483200,13,4
41,2.565600,13,4
41,2.648000,13,4
41,2.730400,13,4
41,2.812800,13,4
41,2.895200,13,4
41,2.977600,13,4
41,3.142400,13,4
41,3.307200,13,4
41,1.082400,13,15
41,1.824000,13,15
41,1.906400,13,15
41,3.060000,13,15
41,1.412000,13,18
41,3.389600,13,18
41,1.164800,13,21
41,1.247200,13,21
41,3.224800,13,21
42,1.169744,4,13
42,1.499344,4,13
42,1.746544,4,13
42,1.993744,4,13
42,2.076144,4,13
42,2.158544,4,13
42,2.240944,4,13
42,2.405744,4,13
42,2.488144,4,13
42,1.416944,8,13
42,6.784554,8,13
42,1.000000,13,2
42,2.730400,13,2
42,1.164800,13,4
42,1.329600,13,4
42,1.412000,13,4
42,1.494400,13,4
42,1.659200,13,4
42,1.741600,13,4
42,1.988800,13,4
42,2.071200,13,4
42,2.318400,13,4
42,2.400800,13,4
42,2.483200,13,4
42,2.565600,13,4
42,2.648000,13,4
42,2.812800,13,4
42,2.895200,13,4
42,2.977600,13,4
42,3.060000,13,4
42,3.142400,13,4
42,3.224800,13,4
42,3.307200,13,4
42,3.472000,13,4
42,3.554400,13,4
42,3.636800,13,4
42,3.801600,13,4
42,3.884000,13,4
42,3.966400,13,4
42,1.247200,13,18
42,3.389600,13,18
42,3.719200,13,18
42,4.048800,13,18
42,1.082400,13,21
42,1.576800,13,21
42,1.824000,13,21
42,1.906400,13,21
42,2.153600,13,21
42,2.236000,13,21
42,1.087344,21,13
42,1.252144,21,13
42,1.334544,21,13
42,1.581744,21,13
42,1.664144,21,13
42,1.828944,21,13
42,1.911344,21,13
42,2.323344,21,13
43,1.082400,1,13
43,6.097096,1,13
43,1.169744,4,13
43,1.252144,4,13
43,1.499344,4,13
43,2.570544,4,13
43,2.652944,4,13
43,2.735344,4,13
43,2.817744,4,13
43,2.900144,4,13
43,2.982544,4,13
43,3.064944,4,13
43,3.147344,4,13
43,3.229744,4,13
43,3.312144,4,13
43,3.394544,4,13
43,3.476944,4,13
43,3.559344,4,13
43,3.641744,4,13
43,3.724144,4,13
43,3.806544,4,13
43,3.888944,4,13
43,3.971344,4,13
43,1.000000,13,2
43,16.465909,13,2
43,1.247200,13,4
43,1.494400,13,4
43,1.576800,13,4
43,1.659200,13,4
43,1.741600,13,4
43,1.906400,13,4
43,1.998412,13,4
43,2.245612,13,4
43,1.082400,13,6
43,14.462967,13,6
43,1.412000,13,18
43,1.824000,13,18
43,2.163212,13,18
43,1.164800,13,21
43,1.329600,13,21
43,2.080812,13,21
43,1.164800,14,13
43,9.031014,14,13
43,1.087344,21,13
43,1.334544,21,13
43,1.416944,21,13
43,1.581744,21,13
43,1.664144,21,13
43,1.746544,21,13
43,1.828944,21,13
43,1.911344,21,13
43,1.993744,21,13
43,2.076144,21,13
43,2.158544,21,13
43,2.240944,21,13
43,2.323344,21,13
43,2.405744,21,13
43,2.488144,21,13
44,1.082400,1,13
44,6.097096,1,13
44,1.169744,4,13
44,1.664144,4,13
44,1.746544,4,13
44,1.828944,4,13
44,1.993744,4,13
44,2.323344,4,13
44,2.405744,4,13
44,2.488144,4,13
44,2.570544,4,13
44,2.735344,4,13
44,2.817744,4,13
44,2.900144,4,13
44,2.982544,4,13
44,3.064944,4,13
44,3.147344,4,13
44,1.000000,13,2
44,33.384234,13,2
44,1.247200,13,4
44,1.412000,13,4
44,1.494400,13,4
44,1.659200,13,4
44,1.906400,13,4
44,2.236000,13,4
44,2.318400,13,4
44,2.400800,13,4
44,2.565600,13,4
44,1.082400,13,6
44,1.988800,13,6
44,3.629938,13,6
44,1.329600,13,18
44,1.741600,13,18
44,2.071200,13,18
44,2.483200,13,18
44,2.751215,13,18
44,1.164800,13,21
44,1.576800,13,21
44,1.824000,13,21
44,2.153600,13,21
44,1.164800,14,13
44,8.361760,14,13
44,1.087344,21,13
44,1.252144,21,13
44,1.334544,21,13
44,1.416944,21,13
44,1.499344,21,13
44,1.581744,21,13
44,1.911344,21,13
44,2.076144,21,13
44,2.158544,21,13
44,2.240944,21,13
44,2.652944,21,13
45,1.169744,4,13
45,1.581744,4,13
45,1.664144,4,13
45,1.828944,4,13
45,1.993744,4,13
45,2.076144,4,13
45,2.240944,4,13
45,2.323344,4,13
45,2.405744,4,13
45,2.570544,4,13
45,2.652944,4,13
45,2.735344,4,13
45,2.817744,4,13
45,2.900144,4,13
45,2.982544,4,13
45,3.064944,4,13
45,3.147344,4,13
45,1.000000,13,2
45,27.634385,13,2
45,1.164800,13,4
45,1.329600,13,4
45,1.659200,13,4
45,1.824000,13,4
45,1.906400,13,4
45,1.988800,13,4
45,2.071200,13,4
45,2.236000,13,4
45,2.400800,13,4
45,2.483200,13,4
45,2.565600,13,4
45,2.730400,13,4
45,2.812800,13,4
45,1.247200,13,18
45,2.318400,13,18
45,2.895200,13,18
45,1.082400,13,21
45,1.412000,13,21
45,1.494400,13,21
45,1.576800,13,21
45,1.741600,13,21
45,2.153600,13,21
45,2.648000,13,21
45,1.087344,21,13
45,1.252144,21,13
45,1.334544,21,13
45,1.416944,21,13
45,1.499344,21,13
45,1.746544,21,13
45,1.911344,21,13
45,2.158544,21,13
45,2.488144,21,13
46,1.088168,4,13
46,1.252968,4,13
46,1.582568,4,13
46,1.829768,4,13
46,1.994568,4,13
46,2.488968,4,13
46,2.571368,4,13
46,2.653768,4,13
46,2.736168,4,13
46,2.818568,4,13
46,3.065768,4,13
46,3.148168,4,13
46,3.230568,4,13
46,3.477768,4,13
46,3.560168,4,13
46,3.642568,4,13
46,1.000000,13,4
46,1.247200,13,4
46,1.412000,13,4
46,1.494400,13,4
46,1.741600,13,4
46,1.906400,13,4
46,1.988800,13,4
46,2.318400,13,4
46,1.082400,13,18
46,1.329600,13,18
46,1.576800,13,18
46,1.659200,13,18
46,1.824000,13,18
46,2.972945,13,18
46,1.164800,13,21
46,2.071200,13,21
46,2.153600,13,21
46,2.236000,13,21
46,2.400800,13,21
46,1.092699,14,13
46,1.936592,14,13
46,3.016699,14,13
46,1.170568,21,13
46,1.335368,21,13
46,1.417768,21,13
46,1.500168,21,13
46,1.664968,21,13
46,1.747368,21,13
46,1.912168,21,13
46,2.076968,21,13
46,2.159368,21,13
46,2.241768,21,13
46,2.324168,21,13
46,2.406568,21,13
46,2.900968,21,13
46,2.983368,21,13
46,3.312968,21,13
46,3.395368,21,13
46,3.724968,21,13
47,1.082400,1,13
47,13.982821,1,13
47,2.812800,4,13
47,2.895200,4,13
47,2.977600,4,13
47,3.060000,4,13
47,3.142400,4,13
47,3.224800,4,13
47,3.307200,4,13
47,3.389600,4,13
47,3.472000,4,13
47,3.554400,4,13
47,3.636800,4,13
47,3.719200,4,13
47,3.801600,4,13
47,3.884000,4,13
47,3.966400,4,13
47,4.048800,4,13
47,4.131200,4,13
47,4.213600,4,13
47,4.296000,4,13
47,4.378400,4,13
47,4.460800,4,13
47,4.543200,4,13
47,4.625600,4,13
47,4.708000,4,13
47,4.790400,4,13
47,4.872800,4,13
47,4.955200,4,13
47,1.082400,6,13
47,16.824846,6,13
47,1.000000,13,2
47,6.387674,13,2
47,1.247200,13,4
47,1.659200,13,4
47,1.988800,13,4
47,2.071200,13,4
47,2.153600,13,4
47,1.412000,13,18
47,1.576800,13,18
47,1.741600,13,18
47,1.906400,13,18
47,2.962503,13,18
47,1.082400,13,21
47,1.164800,13,21
47,1.329600,13,21
47,1.494400,13,21
47,1.824000,13,21
47,2.461874,13,21
47,1.164800,14,13
47,1.247200,14,13
47,1.709969,14,13
47,2.189328,14,13
47,1.164800,21,13
47,1.247200,21,13
47,1.329600,21,13
47,1.412000,21,13
47,1.494400,21,13
47,1.576800,21,13
47,1.659200,21,13
47,1.741600,21,13
47,1.824000,21,13
47,1.906400,21,13
47,1.988800,21,13
47,2.071200,21,13
47,2.153600,21,13
47,2.236000,21,13
47,2.318400,21,13
47,2.400800,21,13
47,2.483200,21,13
47,2.565600,21,13
47,2.648000,21,13
47,2.730400,21,13
48,1.082400,1,13
48,22.298138,1,13
48,1.169744,4,13
48,1.746544,4,13
48,2.570544,4,13
48,2.652944,4,13
48,2.735344,4,13
48,2.817744,4,13
48,2.900144,4,13
48,2.982544,4,13
48,3.064944,4,13
48,3.147344,4,13
48,3.229744,4,13
48,3.312144,4,13
48,3.394544,4,13
48,3.476944,4,13
48,3.559344,4,13
48,3.641744,4,13
48,3.724144,4,13
48,3.806544,4,13
48,3.888944,4,13
48,3.971344,4,13
48,4.053744,4,13
48,4.136144,4,13
48,4.218544,4,13
48,4.300944,4,13
48,4.383344,4,13
48,1.000000,13,2
48,23.572355,13,2
48,1.247200,13,4
48,1.412000,13,4
48,1.494400,13,4
48,1.576800,13,4
48,1.659200,13,4
48,1.824000,13,4
48,1.906400,13,4
48,1.988800,13,4
48,2.071200,13,4
48,2.153600,13,4
48,2.236000,13,4
48,1.082400,13,6
48,2.604189,13,6
48,1.329600,13,18
48,5.109274,13,18
48,1.164800,13,21
48,1.741600,13,21
48,3.655376,13,21
48,1.164800,14,13
48,3.565822,14,13
48,1.499344,18,13
48,4.465744,18,13
48,1.087344,21,13
48,1.252144,21,13
48,1.334544,21,13
48,1.416944,21,13
48,1.581744,21,13
48,1.664144,21,13
48,1.828944,21,13
48,1.911344,21,13
48,1.993744,21,13
48,2.076144,21,13
48,2.158544,21,13
48,2.240944,21,13
48,2.323344,21,13
48,2.405744,21,13
48,2.488144,21,13
49,1.082400,1,13
49,3.589748,1,13
49,1.169744,4,13
49,1.252144,4,13
49,1.416944,4,13
49,1.499344,4,13
49,1.664144,4,13
49,1.911344,4,13
49,1.993744,4,13
49,2.488144,4,13
49,2.570544,4,13
49,2.652944,4,13
49,2.735344,4,13
49,2.817744,4,13
49,2.900144,4,13
49,2.982544,4,13
49,3.064944,4,13
49,3.147344,4,13
49,1.000000,13,2
49,9.764017,13,2
49,1.329600,13,4
49,1.576800,13,4
49,1.659200,13,4
49,1.824000,13,4
49,1.906400,13,4
49,2.318400,13,4
49,2.400800,13,4
49,2.565600,13,4
49,2.648000,13,4
49,1.082400,13,6
49,23.572355,13,6
49,1.412000,13,18
49,2.236000,13,18
49,8.636796,13,18
49,1.164800,13,21
49,1.247200,13,21
49,1.494400,13,21
49,1.741600,13,21
49,1.988800,13,21
49,2.071200,13,21
49,2.153600,13,21
49,2.483200,13,21
49,1.164800,14,13
49,1.248266,14,13
49,12.619706,14,13
49,1.087344,21,13
49,1.334544,21,13
49,1.581744,21,13
49,1.746544,21,13
49,1.828944,21,13
49,2.076144,21,13
49,2.158544,21,13
49,2.240944,21,13
49,2.323344,21,13
49,2.405744,21,13
50,1.252144,4,13
50,1.334544,4,13
50,1.416944,4,13
50,1.581744,4,13
50,1.664144,4,13
50,2.076144,4,13
50,2.158544,4,13
50,2.240944,4,13
50,2.323344,4,13
50,2.405744,4,13
50,1.000000,13,2
50,13.327822,13,2
50,1.247200,13,4
50,1.329600,13,4
50,1.412000,13,4
50,1.494400,13,4
50,1.576800,13,4
50,1.824000,13,4
50,1.906400,13,4
50,1.988800,13,4
50,2.153600,13,4
50,2.236000,13,4
50,2.318400,13,4
50,2.400800,13,4
50,1.082400,13,18
50,2.071200,13,18
50,3.315227,13,18
50,1.164800,13,21
50,1.659200,13,21
50,1.741600,13,21
50,2.483200,13,21
50,1.087344,21,13
50,1.169744,21,13
50,1.499344,21,13
50,1.746544,21,13
50,1.828944,21,13
50,1.911344,21,13
50,1.993744,21,13
50,2.488144,21,13
51,1.499344,4,13
51,1.828944,4,13
51,1.911344,4,13
51,1.993744,4,13
51,2.158544,4,13
51,2.405744,4,13
51,2.488144,4,13
51,2.570544,4,13
51,2.652944,4,13
51,2.735344,4,13
51,2.817744,4,13
51,2.900144,4,13
51,2.982544,4,13
51,3.064944,4,13
51,3.147344,4,13
51,3.229744,4,13
51,3.312144,4,13
51,3.394544,4,13
51,3.476944,4,13
51,3.559344,4,13
51,3.641744,4,13
51,3.724144,4,13
51,3.806544,4,13
51,1.000000,13,2
51,16.465909,13,2
51,1.412000,13,4
51,1.576800,13,4
51,1.659200,13,4
51,1.741600,13,4
51,1.824000,13,4
51,1.906400,13,4
51,1.988800,13,4
51,2.071200,13,4
51,2.153600,13,4
51,2.236000,13,4
51,2.318400,13,4
51,2.400800,13,4
51,2.565600,13,4
51,2.648000,13,4
51,2.812800,13,4
51,2.895200,13,4
51,2.977600,13,4
51,1.494400,13,9
51,5.487655,13,9
51,1.082400,13,18
51,2.730400,13,18
51,1.164800,13,21
51,1.247200,13,21
51,1.329600,13,21
51,2.483200,13,21
51,1.169744,18,13
51,2.323344,18,13
51,1.087344,21,13
51,1.252144,21,13
51,1.334544,21,13
51,1.416944,21,13
51,1.581744,21,13
51,1.664144,21,13
51,1.746544,21,13
51,2.076144,21,13
51,2.240944,21,13
52,1.169744,4,13
52,1.416944,4,13
52,1.499344,4,13
52,1.581744,4,13
52,1.664144,4,13
52,1.828944,4,13
52,2.323344,4,13
52,2.405744,4,13
52,2.488144,4,13
52,2.570544,4,13
52,2.652944,4,13
52,2.735344,4,13
52,2.817744,4,13
52,2.900144,4,13
52,2.982544,4,13
52,3.064944,4,13
52,3.147344,4,13
52,1.000000,13,4
52,1.329600,13,4
52,1.412000,13,4
52,1.494400,13,4
52,1.576800,13,4
52,1.741600,13,4
52,1.824000,13,4
52,1.906400,13,4
52,1.988800,13,4
52,2.071200,13,4
52,2.153600,13,4
52,2.236000,13,4
52,2.318400,13,4
52,2.400800,13,4
52,2.483200,13,4
52,2.565600,13,4
52,2.648000,13,4
52,2.812800,13,4
52,2.895200,13,4
52,2.977600,13,4
52,3.060000,13,4
52,1.247200,13,9
52,4.583491,13,9
52,1.082400,13,18
52,3.195278,13,18
52,1.164800,13,21
52,1.659200,13,21
52,2.730400,13,21
52,1.099566,14,13
52,23.658188,14,13
52,1.087344,21,13
52,1.252144,21,13
52,1.334544,21,13
52,1.746544,21,13
52,1.911344,21,13
52,1.993744,21,13
52,2.076144,21,13
52,2.158544,21,13
52,2.240944,21,13
53,1.169744,4,13
53,1.664144,4,13
53,1.911344,4,13
53,1.993744,4,13
53,2.488144,4,13
53,2.570544,4,13
53,2.652944,4,13
53,2.735344,4,13
53,2.817744,4,13
53,2.900144,4,13
53,2.982544,4,13
53,3.064944,4,13
53,1.000000,13,4
53,1.412000,13,4
53,1.494400,13,4
53,1.906400,13,4
53,1.988800,13,4
53,2.071200,13,4
53,2.153600,13,4
53,2.236000,13,4
53,2.318400,13,4
53,2.400800,13,4
53,2.483200,13,4
53,2.565600,13,4
53,2.648000,13,4
53,2.730400,13,4
53,2.895200,13,4
53,2.977600,13,4
53,3.060000,13,4
53,3.142400,13,4
53,3.224800,13,4
53,3.307200,13,4
53,3.389600,13,4
53,3.472000,13,4
53,3.554400,13,4
53,1.329600,13,9
53,3.636800,13,9
53,1.082400,13,18
53,4.553382,13,18
53,1.164800,13,21
53,1.247200,13,21
53,1.576800,13,21
53,1.659200,13,21
53,1.741600,13,21
53,1.824000,13,21
53,2.812800,13,21
53,1.087344,21,13
53,1.252144,21,13
53,1.334544,21,13
53,1.416944,21,13
53,1.499344,21,13
53,1.581744,21,13
53,1.746544,21,13
53,1.828944,21,13
53,2.076144,21,13
53,2.158544,21,13
53,2.240944,21,13
53,2.323344,21,13
53,2.405744,21,13
54,1.082400,1,13
54,1.183980,1,13
54,1.833782,1,13
54,2.788554,1,13
54,1.164800,2,13
54,2.648000,2,13
54,1.329600,4,13
54,1.741600,4,13
54,1.906400,4,13
54,2.071200,4,13
54,2.318400,4,13
54,2.483200,4,13
54,2.565600,4,13
54,2.730400,4,13
54,2.812800,4,13
54,2.977600,4,13
54,3.142400,4,13
54,3.224800,4,13
54,3.389600,4,13
54,1.082400,6,13
54,4.424878,6,13
54,1.247200,10,13
54,1.576800,10,13
54,2.236000,10,13
54,1.000000,13,2
54,4.591783,13,2
54,1.164800,13,4
54,1.659200,13,4
54,1.741600,13,4
54,1.824000,13,4
54,1.906400,13,4
54,1.988800,13,4
54,2.153600,13,4
54,2.236000,13,4
54,2.318400,13,4
54,2.483200,13,4
54,2.812800,13,4
54,2.895200,13,4
54,3.060000,13,4
54,1.247200,13,6
54,3.224800,13,6
54,1.082400,13,9
54,1.412000,13,9
54,1.576800,13,9
54,3.389600,13,9
54,1.329600,13,18
54,3.307200,13,18
54,1.494400,13,21
54,2.071200,13,21
54,2.400800,13,21
54,2.565600,13,21
54,2.648000,13,21
54,2.730400,13,21
54,2.977600,13,21
54,3.142400,13,21
54,1.494400,16,13
54,1.988800,16,13
54,4.756738,16,13
54,1.412000,21,13
54,1.659200,21,13
54,1.824000,21,13
54,2.153600,21,13
54,2.400800,21,13
54,2.895200,21,13
54,3.060000,21,13
54,3.307200,21,13
55,1.082400,1,13
55,2.493183,1,13
55,1.824000,4,13
55,1.906400,4,13
55,1.988800,4,13
55,2.483200,4,13
55,2.565600,4,13
55,2.648000,4,13
55,2.730400,4,13
55,2.812800,4,13
55,2.895200,4,13
55,2.977600,4,13
55,3.060000,4,13
55,3.142400,4,13
55,3.224800,4,13
55,3.307200,4,13
55,3.389600,4,13
55,3.472000,4,13
55,3.554400,4,13
55,3.636800,4,13
55,3.719200,4,13
55,3.801600,4,13
55,3.884000,4,13
55,3.966400,4,13
55,4.048800,4,13
55,4.131200,4,13
55,1.082400,6,13
55,40.547065,6,13
55,1.000000,13,2
55,23.572355,13,2
55,1.329600,13,4
55,1.576800,13,4
55,1.906400,13,4
55,1.988800,13,4
55,2.153600,13,4
55,2.236000,13,4
55,2.400800,13,4
55,2.483200,13,4
55,2.565600,13,4
55,2.648000,13,4
55,2.812800,13,4
55,2.895200,13,4
55,2.977600,13,4
55,1.082400,13,6
55,2.730400,13,6
55,1.412000,13,9
55,5.109274,13,9
55,1.164800,13,18
55,2.071200,13,18
55,2.318400,13,18
55,1.247200,13,21
55,1.494400,13,21
55,1.659200,13,21
55,1.741600,13,21
55,1.824000,13,21
55,3.255587,13,21
55,1.164800,14,13
55,4.722203,14,13
55,1.247200,18,13
55,4.706674,18,13
55,1.164800,21,13
55,1.329600,21,13
55,1.412000,21,13
55,1.494400,21,13
55,1.576800,21,13
55,1.659200,21,13
55,1.741600,21,13
55,2.071200,21,13
55,2.153600,21,13
55,2.236000,21,13
55,2.318400,21,13
55,2.400800,21,13
56,1.164800,4,13
56,2.730400,4,13
56,14.245594,4,13
56,1.082400,6,13
56,2.648000,6,13
56,16.448930,6,13
56,1.000000,13,4
56,1.329600,13,4
56,1.412000,13,4
56,1.494400,13,4
56,1.659200,13,4
56,1.741600,13,4
56,1.824000,13,4
56,1.906400,13,4
56,1.988800,13,4
56,2.071200,13,4
56,2.153600,13,4
56,2.400800,13,4
56,2.648000,13,4
56,2.730400,13,4
56,2.812800,13,4
56,1.164800,13,9
56,5.400034,13,9
56,1.082400,13,18
56,9.757151,13,18
56,1.247200,13,21
56,1.576800,13,21
56,2.236000,13,21
56,2.318400,13,21
56,2.483200,13,21
56,2.565600,13,21
56,2.895200,13,21
56,1.092699,14,13
56,2.540087,14,13
56,1.247200,21,13
56,1.329600,21,13
56,1.412000,21,13
56,1.494400,21,13
56,1.576800,21,13
56,1.659200,21,13
56,1.741600,21,13
56,1.824000,21,13
56,1.906400,21,13
56,1.988800,21,13
56,2.071200,21,13
56,2.153600,21,13
56,2.236000,21,13
56,2.318400,21,13
56,2.400800,21,13
56,2.483200,21,13
56,2.565600,21,13
56,2.812800,21,13
56,2.895200,21,13
56,2.977600,21,13
56,3.060000,21,13
56,3.142400,21,13
57,1.082400,1,13
57,22.298138,1,13
57,3.636800,4,13
57,3.719200,4,13
57,1.082400,6,13
57,7.810979,6,13
57,1.000000,13,0
57,3.719200,13,0
57,1.082400,13,2
57,4.765554,13,2
57,1.247200,13,4
57,1.576800,13,4
57,1.741600,13,4
57,1.988800,13,4
57,2.071200,13,4
57,2.153600,13,4
57,2.236000,13,4
57,2.400800,13,4
57,2.483200,13,4
57,2.565600,13,4
57,2.730400,13,4
57,2.812800,13,4
57,2.895200,13,4
57,3.060000,13,4
57,3.142400,13,4
57,3.224800,13,4
57,3.307200,13,4
57,3.389600,13,4
57,3.472000,13,4
57,3.554400,13,4
57,3.636800,13,4
57,1.329600,13,6
57,18.878382,13,6
57,1.412000,13,9
57,4.408139,13,9
57,1.494400,13,18
57,1.906400,13,18
57,2.318400,13,18
57,2.648000,13,18
57,3.801600,13,18
57,1.164800,13,21
57,1.659200,13,21
57,1.824000,13,21
57,2.977600,13,21
57,1.164800,14,13
57,8.950679,14,13
57,1.164800,21,13
57,1.247200,21,13
57,1.329600,21,13
57,1.412000,21,13
57,1.494400,21,13
57,1.576800,21,13
57,1.659200,21,13
57,1.741600,21,13
57,1.824000,21,13
57,1.906400,21,13
57,1.988800,21,13
57,2.071200,21,13
57,2.153600,21,13
57,2.236000,21,13
57,2.318400,21,13
57,2.400800,21,13
57,2.483200,21,13
57,2.565600,21,13
57,2.648000,21,13
57,2.730400,21,13
57,2.812800,21,13
57,2.895200,21,13
57,2.977600,21,13
57,3.060000,21,13
57,3.142400,21,13
57,3.224800,21,13
57,3.307200,21,13
57,3.389600,21,13
57,3.472000,21,13
57,3.554400,21,13
58,1.082400,1,13
58,1.247200,1,13
58,3.250612,1,13
58,1.164800,4,13
58,4.296000,4,13
58,4.543200,4,13
58,1.082400,6,13
58,2.648000,6,13
58,4.460800,6,13
58,1.000000,13,0
58,2.730400,13,0
58,2.895200,13,0
58,3.389600,13,0
58,3.554400,13,0
58,1.082400,13,2
58,6.155303,13,2
58,1.247200,13,4
58,1.494400,13,4
58,1.576800,13,4
58,1.659200,13,4
58,1.741600,13,4
58,1.906400,13,4
58,1.988800,13,4
58,2.071200,13,4
58,2.153600,13,4
58,2.236000,13,4
58,2.318400,13,4
58,2.483200,13,4
58,2.565600,13,4
58,2.648000,13,4
58,2.812800,13,4
58,2.977600,13,4
58,3.060000,13,4
58,3.142400,13,4
58,3.224800,13,4
58,3.472000,13,4
58,1.329600,13,9
58,7.731483,13,9
58,1.164800,13,18
58,2.400800,13,18
58,1.412000,13,21
58,1.824000,13,21
58,3.307200,13,21
58,4.050632,13,21
58,1.164800,14,13
58,16.976196,14,13
58,1.247200,15,13
58,3.389600,15,13
58,1.329600,21,13
58,1.412000,21,13
58,1.494400,21,13
58,1.576800,21,13
58,1.659200,21,13
58,1.741600,21,13
58,1.824000,21,13
58,1.906400,21,13
58,1.988800,21,13
58,2.071200,21,13
58,2.153600,21,13
58,2.236000,21,13
58,2.318400,21,13
58,2.400800,21,13
58,2.483200,21,13
58,2.565600,21,13
58,2.730400,21,13
58,2.812800,21,13
58,2.895200,21,13
58,2.977600,21,13
58,3.060000,21,13
58,3.142400,21,13
58,3.224800,21,13
58,3.307200,21,13
58,3.472000,21,13
58,3.554400,21,13
58,3.636800,21,13
58,3.719200,21,13
58,3.801600,21,13
58,3.884000,21,13
58,3.966400,21,13
58,4.048800,21,13
58,4.131200,21,13
58,4.213600,21,13
58,4.378400,21,13
59,4.378400,4,13
59,4.460800,4,13
59,1.082400,6,13
59,20.215774,6,13
59,1.247200,12,13
59,8.408399,12,13
59,1.000000,13,0
59,3.224800,13,0
59,1.164800,13,2
59,1.988800,13,2
59,2.318400,13,2
59,3.142400,13,2
59,1.247200,13,4
59,1.412000,13,4
59,1.494400,13,4
59,1.576800,13,4
59,1.659200,13,4
59,1.741600,13,4
59,1.824000,13,4
59,1.906400,13,4
59,2.071200,13,4
59,2.153600,13,4
59,2.236000,13,4
59,2.400800,13,4
59,2.483200,13,4
59,2.565600,13,4
59,2.648000,13,4
59,2.730400,13,4
59,2.895200,13,4
59,3.060000,13,4
59,1.329600,13,18
59,2.977600,13,18
59,3.307200,13,18
59,1.082400,13,21
59,2.812800,13,21
59,1.099566,14,13
59,1.912496,14,13
59,14.459125,14,13
59,1.412000,15,13
59,1.741600,15,13
59,4.296000,15,13
59,1.164800,21,13
59,1.329600,21,13
59,1.494400,21,13
59,1.576800,21,13
59,1.659200,21,13
59,1.824000,21,13
59,1.906400,21,13
59,1.988800,21,13
59,2.071200,21,13
59,2.153600,21,13
59,2.236000,21,13
59,2.318400,21,13
59,2.400800,21,13
59,2.483200,21,13
59,2.565600,21,13
59,2.648000,21,13
59,2.730400,21,13
59,2.812800,21,13
59,2.895200,21,13
59,2.977600,21,13
59,3.060000,21,13
59,3.142400,21,13
59,3.224800,21,13
59,3.307200,21,13
59,3.389600,21,13
59,3.472000,21,13
59,3.554400,21,13
59,3.636800,21,13
59,3.719200,21,13
59,3.801600,21,13
59,3.884000,21,13
59,3.966400,21,13
59,4.048800,21,13
59,4.131200,21,13
59,4.213600,21,13
60,1.082400,1,13
60,3.589748,1,13
60,1.169744,4,13
60,4.819809,4,13
60,1.000000,13,0
60,1.741600,13,0
60,3.224800,13,0
60,3.801600,13,0
60,1.082400,13,2
60,2.236000,13,2
60,1.329600,13,4
60,1.659200,13,4
60,1.824000,13,4
60,1.906400,13,4
60,1.988800,13,4
60,2.071200,13,4
60,2.318400,13,4
60,2.400800,13,4
60,2.483200,13,4
60,2.565600,13,4
60,2.648000,13,4
60,2.730400,13,4
60,2.812800,13,4
60,2.977600,13,4
60,3.060000,13,4
60,3.142400,13,4
60,3.307200,13,4
60,3.389600,13,4
60,3.554400,13,4
60,3.636800,13,4
60,1.412000,13,9
60,12.286177,13,9
60,1.494400,13,18
60,1.576800,13,18
60,2.895200,13,18
60,3.472000,13,18
60,3.719200,13,18
60,1.164800,13,21
60,1.247200,13,21
60,2.153600,13,21
60,1.164800,14,13
60,1.248266,14,13
60,1.525568,14,13
60,7.132410,14,13
60,1.334544,15,13
60,3.971344,15,13
60,4.548144,15,13
60,1.087344,21,13
60,1.252144,21,13
60,1.416944,21,13
60,1.499344,21,13
60,1.581744,21,13
60,1.664144,21,13
60,1.746544,21,13
60,1.828944,21,13
60,1.911344,21,13
60,1.993744,21,13
60,2.076144,21,13
60,2.158544,21,13
60,2.240944,21,13
60,2.323344,21,13
60,2.405744,21,13
60,2.488144,21,13
60,2.570544,21,13
60,2.652944,21,13
60,2.735344,21,13
60,2.817744,21,13
60,2.900144,21,13
60,2.982544,21,13
60,3.064944,21,13
60,3.147344,21,13
60,3.229744,21,13
60,3.312144,21,13
60,3.394544,21,13
60,3.476944,21,13
60,3.559344,21,13
60,3.641744,21,13
60,3.724144,21,13
60,3.806544,21,13
60,3.888944,21,13
60,4.053744,21,13
60,4.136144,21,13
60,4.218544,21,13
60,4.300944,21,13
60,4.383344,21,13
60,4.465744,21,13
60,4.630544,21,13
61,1.082400,1,13
61,26.883243,1,13
61,1.164800,2,13
61,3.801600,2,13
61,3.884000,4,13
61,19.270606,4,13
61,1.082400,6,13
61,7.161687,6,13
61,1.000000,13,0
61,6.387674,13,0
61,1.082400,13,2
61,2.565600,13,2
61,1.247200,13,4
61,1.412000,13,4
61,1.494400,13,4
61,1.659200,13,4
61,1.741600,13,4
61,1.824000,13,4
61,1.906400,13,4
61,1.988800,13,4
61,2.153600,13,4
61,2.236000,13,4
61,2.318400,13,4
61,2.483200,13,4
61,2.730400,13,4
61,2.812800,13,4
61,2.895200,13,4
61,2.977600,13,4
61,3.060000,13,4
61,3.142400,13,4
61,1.329600,13,18
61,1.576800,13,18
61,2.071200,13,18
61,2.400800,13,18
61,3.224800,13,18
61,1.164800,13,21
61,2.648000,13,21
61,1.164800,14,13
61,10.808412,14,13
61,1.412000,15,13
61,6.379301,15,13
61,1.247200,21,13
61,1.329600,21,13
61,1.494400,21,13
61,1.576800,21,13
61,1.659200,21,13
61,1.741600,21,13
61,1.824000,21,13
61,1.906400,21,13
61,1.988800,21,13
61,2.071200,21,13
61,2.153600,21,13
61,2.236000,21,13
61,2.318400,21,13
61,2.400800,21,13
61,2.483200,21,13
61,2.565600,21,13
61,2.648000,21,13
61,2.730400,21,13
61,2.812800,21,13
61,2.895200,21,13
61,2.977600,21,13
61,3.060000,21,13
61,3.142400,21,13
61,3.224800,21,13
61,3.307200,21,13
61,3.389600,21,13
61,3.472000,21,13
61,3.554400,21,13
61,3.636800,21,13
61,3.719200,21,13
62,1.087344,4,13
62,21.108735,4,13
62,1.000000,13,2
62,1.329600,13,2
62,1.762736,13,2
62,2.791552,13,2
62,1.082400,13,4
62,1.412000,13,4
62,1.494400,13,4
62,1.576800,13,4
62,1.974296,13,4
62,2.056696,13,4
62,2.139096,13,4
62,1.164800,13,18
62,2.522878,13,18
62,1.247200,13,21
62,1.659200,13,21
62,1.891896,13,21
62,3.932876,13,21
62,1.096133,14,13
62,9.545506,14,13
62,1.252144,18,13
62,3.641744,18,13
62,1.169744,21,13
62,1.334544,21,13
62,1.416944,21,13
62,1.499344,21,13
62,1.581744,21,13
62,1.664144,21,13
62,1.746544,21,13
62,1.828944,21,13
62,1.911344,21,13
62,1.993744,21,13
62,2.076144,21,13
62,2.158544,21,13
62,2.240944,21,13
62,2.323344,21,13
62,2.405744,21,13
62,2.488144,21,13
62,2.570544,21,13
62,2.652944,21,13
62,2.735344,21,13
62,2.817744,21,13
62,2.900144,21,13
62,2.982544,21,13
62,3.064944,21,13
62,3.147344,21,13
62,3.229744,21,13
62,3.312144,21,13
62,3.394544,21,13
62,3.476944,21,13
62,3.559344,21,13
63,1.087344,4,13
63,19.086483,4,13
63,1.000000,13,2
63,1.972792,13,2
63,2.714392,13,2
63,1.082400,13,4
63,1.347506,13,4
63,1.560792,13,4
63,1.643192,13,4
63,1.725592,13,4
63,1.807992,13,4
63,1.890392,13,4
63,2.055192,13,4
63,2.219992,13,4
63,2.302392,13,4
63,2.549592,13,4
63,1.164800,13,18
63,1.478392,13,18
63,2.384792,13,18
63,2.467192,13,18
63,1.247200,13,21
63,2.137592,13,21
63,2.631992,13,21
63,1.096133,14,13
63,1.830278,14,13
63,3.053702,14,13
63,1.169744,21,13
63,1.252144,21,13
63,1.334544,21,13
63,1.416944,21,13
63,1.499344,21,13
63,1.581744,21,13
63,1.664144,21,13
63,1.746544,21,13
63,1.828944,21,13
63,1.911344,21,13
63,1.993744,21,13
63,2.076144,21,13
63,2.158544,21,13
63,2.240944,21,13
63,2.323344,21,13
63,2.405744,21,13
63,2.488144,21,13
63,2.570544,21,13
63,2.652944,21,13
63,2.735344,21,13
63,2.817744,21,13
63,2.900144,21,13
63,2.982544,21,13
63,3.064944,21,13
63,3.147344,21,13
63,3.229744,21,13
63,3.312144,21,13
63,3.394544,21,13
63,3.476944,21,13
63,3.559344,21,13
63,3.641744,21,13
63,3.724144,21,13
63,3.806544,21,13
63,3.888944,21,13
63,3.971344,21,13
63,4.053744,21,13
63,4.136144,21,13
63,4.218544,21,13
64,1.082400,1,13
64,1.798785,1,13
64,2.675849,1,13
64,1.168096,4,13
64,5.654890,4,13
64,1.000000,13,2
64,1.576800,13,2
64,1.741600,13,2
64,2.483200,13,2
64,1.164800,13,4
64,1.412000,13,4
64,1.494400,13,4
64,1.906400,13,4
64,1.988800,13,4
64,2.071200,13,4
64,2.153600,13,4
64,2.236000,13,4
64,2.318400,13,4
64,2.400800,13,4
64,2.565600,13,4
64,2.730400,13,4
64,1.247200,13,6
64,9.459672,13,6
64,1.329600,13,18
64,1.824000,13,18
64,2.648000,13,18
64,1.082400,13,21
64,1.659200,13,21
64,2.880382,13,21
64,1.164800,14,13
64,6.241136,14,13
64,1.332896,15,13
64,16.977020,15,13
64,1.085696,21,13
64,1.250496,21,13
64,1.415296,21,13
64,1.497696,21,13
64,1.580096,21,13
64,1.662496,21,13
64,1.744896,21,13
64,1.827296,21,13
64,1.909696,21,13
64,1.992096,21,13
64,2.074496,21,13
64,2.156896,21,13
64,2.239296,21,13
64,2.321696,21,13
64,2.404096,21,13
64,2.486496,21,13
64,2.568896,21,13
64,2.651296,21,13
64,2.733696,21,13
64,2.816096,21,13
64,2.898496,21,13
64,2.980896,21,13
64,3.063296,21,13
64,3.145696,21,13
64,3.228096,21,13
64,3.310496,21,13
64,3.392896,21,13
65,1.082400,1,13
65,15.190237,1,13
65,1.084048,4,13
65,1.660848,4,13
65,6.253086,4,13
65,1.000000,13,2
65,1.641852,13,2
65,4.895946,13,2
65,1.082400,13,4
65,1.164800,13,4
65,1.247200,13,4
65,1.329600,13,4
65,1.724252,13,4
65,1.806652,13,4
65,1.889052,13,4
65,1.971452,13,4
65,2.053852,13,4
65,2.136252,13,4
65,2.218652,13,4
65,2.301052,13,4
65,2.383452,13,4
65,1.412000,13,18
65,2.465852,13,18
65,2.548252,13,18
65,1.494400,13,21
65,2.630652,13,21
65,1.164800,14,13
65,1.936592,14,13
65,2.940759,14,13
65,1.331248,18,13
65,1.413648,18,13
65,27.340942,18,13
65,1.166448,21,13
65,1.248848,21,13
65,1.496048,21,13
65,1.578448,21,13
65,1.743248,21,13
65,1.825648,21,13
65,1.908048,21,13
65,1.990448,21,13
65,2.072848,21,13
65,2.155248,21,13
65,2.237648,21,13
65,2.320048,21,13
65,2.402448,21,13
65,2.484848,21,13
65,2.567248,21,13
65,2.649648,21,13
65,2.732048,21,13
65,2.814448,21,13
66,1.171392,4,13
66,8.397316,4,13
66,1.000000,13,2
66,1.329600,13,2
66,2.565600,13,2
66,2.648000,13,2
66,2.977600,13,2
66,1.082400,13,4
66,1.412000,13,4
66,1.494400,13,4
66,1.576800,13,4
66,1.659200,13,4
66,1.741600,13,4
66,1.824000,13,4
66,1.906400,13,4
66,2.071200,13,4
66,2.153600,13,4
66,2.236000,13,4
66,2.400800,13,4
66,2.483200,13,4
66,2.730400,13,4
66,2.812800,13,4
66,2.895200,13,4
66,3.060000,13,4
66,1.164800,13,18
66,1.988800,13,18
66,2.318400,13,18
66,3.142400,13,18
66,1.247200,13,21
66,3.224800,13,21
66,1.099566,14,13
66,2.595838,14,13
66,1.253792,18,13
66,1.418592,18,13
66,1.665792,18,13
66,2.242592,18,13
66,2.324992,18,13
66,2.407392,18,13
66,2.489792,18,13
66,2.654592,18,13
66,1.088992,21,13
66,1.336192,21,13
66,1.500992,21,13
66,1.583392,21,13
66,1.748192,21,13
66,1.830592,21,13
66,1.912992,21,13
66,1.995392,21,13
66,2.077792,21,13
66,2.160192,21,13
66,2.572192,21,13
67,1.082400,1,13
67,2.363789,1,13
67,1.252968,4,13
67,3.470181,4,13
67,1.000000,13,2
67,1.164800,13,2
67,1.412000,13,2
67,1.576800,13,2
67,1.659200,13,2
67,1.988800,13,2
67,2.071200,13,2
67,2.812800,13,2
67,1.082400,13,4
67,1.741600,13,4
67,1.824000,13,4
67,1.906400,13,4
67,2.153600,13,4
67,2.236000,13,4
67,2.318400,13,4
67,2.400800,13,4
67,2.565600,13,4
67,2.648000,13,4
67,2.730400,13,4
67,2.895200,13,4
67,2.977600,13,4
67,3.060000,13,4
67,3.142400,13,4
67,1.247200,13,18
67,3.698686,13,18
67,1.329600,13,21
67,1.494400,13,21
67,2.483200,13,21
67,3.224800,13,21
67,1.164800,14,13
67,2.253072,14,13
67,1.417768,15,13
67,3.065768,15,13
67,1.335368,18,13
67,1.500168,18,13
67,1.829768,18,13
67,1.912168,18,13
67,1.994568,18,13
67,2.159368,18,13
67,2.241768,18,13
67,2.324168,18,13
67,2.488968,18,13
67,2.983368,18,13
67,1.088168,21,13
67,1.170568,21,13
67,1.582568,21,13
67,1.664968,21,13
67,1.747368,21,13
67,2.076968,21,13
67,2.406568,21,13
67,2.571368,21,13
67,2.653768,21,13
67,2.736168,21,13
67,2.818568,21,13
67,2.900968,21,13
68,1.082400,1,13
68,16.763263,1,13
68,1.084048,4,13
68,1.908048,4,13
68,6.360226,4,13
68,1.413648,7,13
68,21.411888,7,13
68,1.000000,13,2
68,2.812800,13,2
68,1.082400,13,4
68,1.247200,13,4
68,1.329600,13,4
68,1.412000,13,4
68,1.494400,13,4
68,1.576800,13,4
68,1.659200,13,4
68,1.741600,13,4
68,1.824000,13,4
68,1.906400,13,4
68,1.988800,13,4
68,2.071200,13,4
68,2.153600,13,4
68,2.236000,13,4
68,2.318400,13,4
68,2.400800,13,4
68,2.565600,13,4
68,2.648000,13,4
68,2.730400,13,18
68,2.895200,13,18
68,1.164800,13,21
68,2.483200,13,21
68,2.977600,13,21
68,1.164800,14,13
68,11.861182,14,13
68,1.248848,18,13
68,2.649648,18,13
68,2.732048,18,13
68,2.814448,18,13
68,2.896848,18,13
68,2.979248,18,13
68,3.061648,18,13
68,3.144048,18,13
68,3.226448,18,13
68,3.308848,18,13
68,3.391248,18,13
68,3.473648,18,13
68,3.556048,18,13
68,3.638448,18,13
68,3.720848,18,13
68,3.803248,18,13
68,3.885648,18,13
68,3.968048,18,13
68,4.050448,18,13
68,4.132848,18,13
68,1.166448,21,13
68,1.331248,21,13
68,1.496048,21,13
68,1.578448,21,13
68,1.660848,21,13
68,1.743248,21,13
68,1.825648,21,13
68,1.990448,21,13
68,2.072848,21,13
68,2.155248,21,13
68,2.237648,21,13
68,2.320048,21,13
68,2.402448,21,13
68,2.484848,21,13
68,2.567248,21,13
69,1.084048,4,13
69,7.994030,4,13
69,1.000000,13,2
69,2.239684,13,2
69,1.082400,13,4
69,1.329600,13,4
69,1.412000,13,4
69,1.494400,13,4
69,1.576800,13,4
69,1.659200,13,4
69,1.741600,13,4
69,1.824000,13,4
69,1.906400,13,4
69,2.023423,13,4
69,1.247200,13,18
69,9.618860,13,18
69,1.164800,13,21
69,3.768037,13,21
69,1.331248,18,13
69,1.496048,18,13
69,1.743248,18,13
69,1.825648,18,13
69,1.990448,18,13
69,2.072848,18,13
69,2.402448,18,13
69,2.484848,18,13
69,2.567248,18,13
69,2.649648,18,13
69,2.732048,18,13
69,2.814448,18,13
69,2.896848,18,13
69,2.979248,18,13
69,3.061648,18,13
69,1.166448,21,13
69,1.248848,21,13
69,1.413648,21,13
69,1.578448,21,13
69,1.660848,21,13
69,1.908048,21,13
69,2.155248,21,13
69,2.237648,21,13
69,2.320048,21,13
70,1.000000,13,2
70,2.974917,13,2
70,1.164800,13,4
70,1.329600,13,4
70,1.412000,13,4
70,1.503747,13,4
70,1.600455,13,4
70,1.696018,13,4
70,1.778418,13,4
70,1.860818,13,4
70,1.943218,13,4
70,2.025618,13,4
70,2.157690,13,4
70,1.247200,13,18
70,25.531552,13,18
70,1.082400,13,21
70,11.973870,13,21
70,1.249672,16,13
70,10.072172,16,13
70,1.167272,18,13
70,1.579272,18,13
70,1.661672,18,13
70,1.744072,18,13
70,1.826472,18,13
70,1.991272,18,13
70,2.073672,18,13
70,2.156072,18,13
70,2.238472,18,13
70,2.403272,18,13
70,2.485672,18,13
70,2.568072,18,13
70,2.650472,18,13
70,2.732872,18,13
70,1.084872,21,13
70,1.332072,21,13
70,1.414472,21,13
70,1.496872,21,13
70,1.908872,21,13
70,2.320872,21,13
71,1.085696,4,13
71,7.002763,4,13
71,1.000000,13,2
71,1.829204,13,2
71,3.399299,13,2
71,1.082400,13,4
71,1.412000,13,4
71,1.494400,13,4
71,1.576800,13,4
71,1.746804,13,4
71,1.994004,13,4
71,2.188668,13,4
71,1.164800,13,6
71,4.318477,13,6
71,1.247200,13,18
71,1.911604,13,18
71,4.208217,13,18
71,1.329600,13,21
71,3.011067,13,21
71,1.415296,16,13
71,4.853035,16,13
71,1.250496,18,13
71,1.662496,18,13
71,1.744896,18,13
71,1.827296,18,13
71,2.156896,18,13
71,2.651296,18,13
71,1.168096,21,13
71,1.332896,21,13
71,1.497696,21,13
71,1.580096,21,13
71,1.909696,21,13
71,1.992096,21,13
71,2.074496,21,13
71,2.239296,21,13
71,2.321696,21,13
71,2.404096,21,13
71,2.486496,21,13
71,2.568896,21,13
72,1.336192,4,13
72,4.740270,4,13
72,1.253792,7,13
72,1.830592,7,13
72,3.560992,7,13
72,1.000000,13,2
72,1.906400,13,2
72,3.285049,13,2
72,1.164800,13,4
72,1.494400,13,4
72,1.576800,13,4
72,1.659200,13,4
72,1.741600,13,4
72,1.988800,13,4
72,2.071200,13,4
72,2.153600,13,4
72,2.236000,13,4
72,2.483200,13,4
72,2.565600,13,4
72,2.648000,13,4
72,1.247200,13,6
72,9.984690,13,6
72,1.082400,13,9
72,14.200104,13,9
72,1.329600,13,18
72,15.595253,13,18
72,1.412000,13,21
72,1.824000,13,21
72,2.318400,13,21
72,2.400800,13,21
72,4.882633,13,21
72,1.092699,14,13
72,4.748009,14,13
72,1.418592,18,13
72,1.665792,18,13
72,1.912992,18,13
72,1.995392,18,13
72,2.242592,18,13
72,2.489792,18,13
72,2.572192,18,13
72,2.654592,18,13
72,2.736992,18,13
72,2.819392,18,13
72,2.984192,18,13
72,3.066592,18,13
72,3.148992,18,13
72,3.231392,18,13
72,3.808192,18,13
72,1.088992,21,13
72,1.171392,21,13
72,1.500992,21,13
72,1.583392,21,13
72,1.748192,21,13
72,2.077792,21,13
72,2.160192,21,13
72,2.324992,21,13
72,2.407392,21,13
72,2.901792,21,13
72,3.313792,21,13
72,3.396192,21,13
72,3.478592,21,13
72,3.643392,21,13
72,3.725792,21,13
72,3.890592,21,13
73,1.086520,4,13
73,10.084853,4,13
73,1.000000,13,2
73,6.027668,13,2
73,1.164800,13,4
73,1.329600,13,4
73,1.412000,13,4
73,1.494400,13,4
73,1.576800,13,4
73,1.659200,13,4
73,1.741600,13,4
73,1.824000,13,4
73,1.988800,13,4
73,2.071200,13,4
73,2.153600,13,4
73,2.236000,13,4
73,2.318400,13,4
73,2.400800,13,4
73,1.082400,13,18
73,12.461551,13,18
73,1.247200,13,21
73,1.906400,13,21
73,4.155675,13,21
73,1.089266,14,13
73,5.892467,14,13
73,1.251320,15,13
73,11.862006,15,13
73,1.168920,18,13
73,1.333720,18,13
73,1.416120,18,13
73,1.498520,18,13
73,1.580920,18,13
73,1.663320,18,13
73,1.745720,18,13
73,1.828120,18,13
73,1.910520,18,13
73,1.992920,18,13
73,2.075320,18,13
73,2.157720,18,13
73,2.240120,18,13
73,2.322520,18,13
73,2.404920,18,13
73,2.487320,18,13
73,2.569720,18,13
73,2.652120,18,13
73,2.734520,18,13
73,2.816920,18,13
73,2.899320,18,13
73,2.981720,18,13
73,3.064120,21,13
73,3.146520,21,13
73,3.228920,21,13
73,3.311320,21,13
73,3.393720,21,13
73,3.476120,21,13
74,1.329600,4,13
74,4.538627,4,13
74,1.082400,6,13
74,6.229129,6,13
74,1.000000,13,2
74,11.660148,13,2
74,1.082400,13,4
74,1.329600,13,4
74,1.412000,13,4
74,1.494400,13,4
74,1.576800,13,4
74,1.659200,13,4
74,1.741600,13,4
74,1.824000,13,4
74,1.906400,13,4
74,1.988800,13,4
74,2.071200,13,4
74,2.153600,13,4
74,2.236000,13,4
74,2.318400,13,4
74,2.400800,13,4
74,2.483200,13,4
74,2.565600,13,4
74,2.648000,13,4
74,2.730400,13,4
74,2.812800,13,4
74,2.895200,13,4
74,2.977600,13,4
74,3.060000,13,4
74,3.142400,13,4
74,1.164800,13,18
74,5.492345,13,18
74,1.247200,13,21
74,3.224800,13,21
74,1.247200,15,13
74,14.549624,15,13
74,1.412000,18,13
74,1.494400,18,13
74,1.576800,18,13
74,1.659200,18,13
74,1.824000,18,13
74,1.988800,18,13
74,2.071200,18,13
74,2.153600,18,13
74,2.236000,18,13
74,2.400800,18,13
74,2.483200,18,13
74,2.648000,18,13
74,1.164800,21,13
74,1.741600,21,13
74,1.906400,21,13
74,2.318400,21,13
74,2.565600,21,13
74,2.730400,21,13
75,1.082400,1,13
75,1.366146,1,13
75,8.596613,1,13
75,1.164800,4,13
75,2.895200,4,13
75,6.530206,4,13
75,1.082400,6,13
75,8.601325,6,13
75,1.000000,13,2
75,8.060372,13,2
75,1.082400,13,4
75,1.412000,13,4
75,1.494400,13,4
75,1.576800,13,4
75,1.659200,13,4
75,1.741600,13,4
75,1.824000,13,4
75,1.906400,13,4
75,1.988800,13,4
75,2.071200,13,4
75,2.153600,13,4
75,2.236000,13,4
75,1.164800,13,6
75,5.806634,13,6
75,1.247200,13,18
75,5.046565,13,18
75,1.329600,13,21
75,3.959376,13,21
75,1.659200,15,13
75,6.191273,15,13
75,1.412000,18,13
75,1.494400,18,13
75,1.741600,18,13
75,1.988800,18,13
75,2.071200,18,13
75,2.153600,18,13
75,2.236000,18,13
75,2.318400,18,13
75,2.400800,18,13
75,2.483200,18,13
75,2.565600,18,13
75,2.648000,18,13
75,2.812800,18,13
75,3.060000,18,13
75,3.142400,18,13
75,3.224800,18,13
75,3.307200,18,13
75,1.247200,21,13
75,1.329600,21,13
75,1.576800,21,13
75,1.824000,21,13
75,1.906400,21,13
75,2.730400,21,13
75,2.977600,21,13
75,3.389600,21,13
76,1.164800,4,13
76,3.711806,4,13
76,1.082400,6,13
76,3.142400,6,13
76,1.000000,13,4
76,1.329600,13,4
76,1.480090,13,4
76,1.562490,13,4
76,1.644890,13,4
76,1.727290,13,4
76,1.974490,13,4
76,2.056890,13,4
76,2.139290,13,4
76,2.221690,13,4
76,1.082400,13,18
76,17.608222,13,18
76,1.164800,13,21
76,1.247200,13,21
76,1.809690,13,21
76,1.892090,13,21
76,4.080172,13,21
76,1.329600,18,13
76,1.494400,18,13
76,1.659200,18,13
76,1.741600,18,13
76,1.906400,18,13
76,2.318400,18,13
76,2.400800,18,13
76,2.483200,18,13
76,2.648000,18,13
76,2.730400,18,13
76,2.812800,18,13
76,3.060000,18,13
76,1.247200,21,13
76,1.412000,21,13
76,1.576800,21,13
76,1.824000,21,13
76,1.988800,21,13
76,2.071200,21,13
76,2.153600,21,13
76,2.236000,21,13
76,2.565600,21,13
76,2.895200,21,13
76,2.977600,21,13
77,1.082400,6,13
77,6.583335,6,13
77,1.000000,13,4
77,1.164800,13,4
77,1.247200,13,4
77,1.483510,13,4
77,1.565910,13,4
77,1.963149,13,4
77,2.045549,13,4
77,1.082400,13,21
77,1.880749,13,21
77,5.241634,13,21
77,1.247200,18,13
77,1.494400,18,13
77,1.659200,18,13
77,2.076763,18,13
77,2.159163,18,13
77,1.164800,21,13
77,1.329600,21,13
77,1.412000,21,13
77,1.576800,21,13
77,1.994363,21,13
77,2.323802,21,13
78,1.164800,4,13
78,4.131200,4,13
78,1.082400,6,13
78,4.213600,6,13
78,4.296000,6,13
78,1.000000,13,2
78,18.203302,13,2
78,1.082400,13,4
78,1.329600,13,4
78,1.412000,13,4
78,1.494400,13,4
78,1.576800,13,4
78,1.659200,13,4
78,1.741600,13,4
78,1.824000,13,4
78,1.906400,13,4
78,1.988800,13,4
78,2.071200,13,4
78,2.153600,13,4
78,2.236000,13,4
78,2.318400,13,4
78,2.400800,13,4
78,2.483200,13,4
78,2.565600,13,4
78,2.648000,13,4
78,2.730400,13,4
78,2.812800,13,4
78,1.164800,13,18
78,4.275502,13,18
78,1.247200,13,21
78,2.895200,13,21
78,1.412000,15,13
78,4.048800,15,13
78,1.329600,18,13
78,1.576800,18,13
78,1.659200,18,13
78,1.741600,18,13
78,1.824000,18,13
78,1.906400,18,13
78,1.988800,18,13
78,2.153600,18,13
78,2.236000,18,13
78,2.318400,18,13
78,2.400800,18,13
78,2.483200,18,13
78,2.565600,18,13
78,2.648000,18,13
78,2.730400,18,13
78,2.895200,18,13
78,2.977600,18,13
78,3.060000,18,13
78,3.224800,18,13
78,3.307200,18,13
78,3.389600,18,13
78,3.472000,18,13
78,3.554400,18,13
78,3.719200,18,13
78,3.884000,18,13
78,1.247200,21,13
78,1.494400,21,13
78,2.071200,21,13
78,2.812800,21,13
78,3.142400,21,13
78,3.636800,21,13
78,3.801600,21,13
78,3.966400,21,13
79,1.082400,1,13
79,11.402737,1,13
79,1.164800,4,13
79,4.558174,4,13
79,1.082400,6,13
79,4.967049,6,13
79,1.000000,13,2
79,15.883033,13,2
79,1.164800,13,4
79,1.329600,13,4
79,1.412000,13,4
79,1.494400,13,4
79,1.576800,13,4
79,1.659200,13,4
79,1.741600,13,4
79,1.824000,13,4
79,1.988800,13,4
79,2.071200,13,4
79,2.153600,13,4
79,2.236000,13,4
79,2.318400,13,4
79,2.400800,13,4
79,2.483200,13,4
79,2.565600,13,4
79,1.082400,13,18
79,2.730400,13,18
79,1.247200,13,21
79,1.906400,13,21
79,2.648000,13,21
79,1.329600,15,13
79,12.546850,15,13
79,1.247200,18,13
79,1.412000,18,13
79,1.494400,18,13
79,1.576800,18,13
79,1.659200,18,13
79,1.741600,18,13
79,1.824000,18,13
79,1.906400,18,13
79,1.988800,18,13
79,2.071200,18,13
79,2.153600,18,13
79,2.236000,18,13
79,2.318400,18,13
79,2.400800,21,13
79,2.483200,21,13
79,2.565600,21,13
79,2.648000,21,13
79,2.730400,21,13
79,2.812800,21,13
79,2.895200,21,13
79,2.977600,21,13
79,3.060000,21,13
79,3.142400,21,13
79,3.224800,21,13
80,1.082400,1,13
80,6.097096,1,13
80,1.086520,4,13
80,3.970520,4,13
80,1.000000,13,2
80,9.093130,13,2
80,1.164800,13,4
80,1.494400,13,4
80,1.576800,13,4
80,1.659200,13,4
80,1.741600,13,4
80,1.824000,13,4
80,1.906400,13,4
80,1.988800,13,4
80,2.071200,13,4
80,2.153600,13,4
80,2.236000,13,4
80,1.082400,13,18
80,1.247200,13,18
80,1.412000,13,18
80,4.407736,13,18
80,1.329600,13,21
80,2.318400,13,21
80,1.251320,15,13
80,1.992920,15,13
80,6.397861,15,13
80,1.168920,18,13
80,1.333720,18,13
80,1.416120,18,13
80,1.498520,18,13
80,1.580920,18,13
80,1.663320,18,13
80,1.745720,18,13
80,1.828120,18,13
80,1.910520,18,13
80,2.075320,18,13
80,2.157720,18,13
80,2.240120,18,13
80,2.322520,18,13
80,2.404920,18,13
80,2.487320,18,13
80,2.569720,18,13
80,2.652120,18,13
80,2.734520,18,13
80,2.816920,18,13
80,2.899320,18,13
80,2.981720,18,13
80,3.064120,18,13
80,3.146520,18,13
80,3.228920,18,13
80,3.311320,18,13
80,3.393720,21,13
80,3.476120,21,13
80,3.558520,21,13
80,3.640920,21,13
80,3.723320,21,13
80,3.805720,21,13
80,3.888120,21,13
81,1.082400,1,13
81,6.309354,1,13
81,1.088168,4,13
81,8.397316,4,13
81,1.000000,13,2
81,5.806634,13,2
81,1.164800,13,4
81,1.412000,13,4
81,1.494400,13,4
81,1.576800,13,4
81,1.734732,13,4
81,1.817132,13,4
81,1.907360,13,4
81,1.989760,13,4
81,2.192213,13,4
81,1.082400,13,18
81,27.634385,13,18
81,1.247200,13,21
81,1.329600,13,21
81,2.317680,13,21
81,1.335368,15,13
81,1.747368,15,13
81,9.502169,15,13
81,1.252968,18,13
81,1.417768,18,13
81,1.500168,18,13
81,1.582568,18,13
81,1.664968,18,13
81,1.829768,18,13
81,1.912168,18,13
81,1.994568,18,13
81,2.076968,18,13
81,2.159368,18,13
81,2.241768,18,13
81,2.324168,18,13
81,2.406568,18,13
81,2.488968,18,13
81,2.571368,18,13
81,2.653768,18,13
81,2.736168,18,13
81,1.170568,21,13
81,2.818568,21,13
81,2.900968,21,13
81,2.983368,21,13
81,3.065768,21,13
81,3.148168,21,13
81,3.230568,21,13
81,3.312968,21,13
81,3.395368,21,13
82,1.082400,1,13
82,2.363789,1,13
82,1.170568,4,13
82,3.470181,4,13
82,1.000000,13,2
82,7.585834,13,2
82,1.082400,13,4
82,1.329600,13,4
82,1.412000,13,4
82,1.494400,13,4
82,1.576800,13,4
82,1.741600,13,4
82,1.824000,13,4
82,1.906400,13,4
82,1.988800,13,4
82,2.071200,13,4
82,2.153600,13,4
82,2.236000,13,4
82,2.318400,13,4
82,2.400800,13,4
82,2.483200,13,4
82,2.565600,13,4
82,2.648000,13,4
82,2.730400,13,4
82,1.164800,13,18
82,5.229836,13,18
82,1.247200,13,21
82,1.659200,13,21
82,3.017538,13,21
82,1.252968,15,13
82,12.546850,15,13
82,1.335368,18,13
82,1.417768,18,13
82,1.500168,18,13
82,1.664968,18,13
82,1.747368,18,13
82,1.829768,18,13
82,1.912168,18,13
82,1.994568,18,13
82,2.159368,18,13
82,2.324168,18,13
82,2.488968,18,13
82,2.571368,18,13
82,2.736168,18,13
82,2.983368,18,13
82,1.088168,21,13
82,1.582568,21,13
82,2.076968,21,13
82,2.241768,21,13
82,2.406568,21,13
82,2.653768,21,13
82,2.818568,21,13
82,2.900968,21,13
83,1.170568,4,13
83,2.810925,4,13
83,1.000000,13,2
83,14.706452,13,2
83,1.082400,13,4
83,1.329600,13,4
83,1.412000,13,4
83,1.494400,13,4
83,1.576800,13,4
83,1.659200,13,4
83,1.741600,13,4
83,1.824000,13,4
83,1.906400,13,4
83,1.988800,13,4
83,2.071200,13,4
83,2.236000,13,4
83,2.318400,13,4
83,2.400800,13,4
83,2.483200,13,4
83,1.164800,13,18
83,7.261169,13,18
83,1.247200,13,21
83,2.153600,13,21
83,2.838279,13,21
83,1.252968,18,13
83,1.335368,18,13
83,1.625801,18,13
83,1.879031,18,13
83,1.961431,18,13
83,2.126231,18,13
83,1.088168,21,13
83,2.043831,21,13
83,2.208631,21,13
84,1.170568,4,13
84,7.994030,4,13
84,1.000000,13,2
84,9.181430,13,2
84,1.082400,13,4
84,1.329600,13,4
84,1.412000,13,4
84,1.494400,13,4
84,1.576800,13,4
84,1.659200,13,4
84,1.741600,13,4
84,1.824000,13,4
84,1.906400,13,4
84,1.988800,13,4
84,2.071200,13,4
84,2.153600,13,4
84,2.236000,13,4
84,1.164800,13,18
84,6.806540,13,18
84,1.247200,13,21
84,2.318400,13,21
84,1.252968,18,13
84,1.582568,18,13
84,1.664968,18,13
84,1.747368,18,13
84,1.994568,18,13
84,2.076968,18,13
84,2.159368,18,13
84,2.241768,18,13
84,2.406568,18,13
84,2.488968,18,13
84,1.088168,21,13
84,1.335368,21,13
84,1.417768,21,13
84,1.500168,21,13
84,1.829768,21,13
84,1.912168,21,13
84,2.324168,21,13
84,2.571368,21,13
85,1.082400,1,13
85,2.363789,1,13
85,1.164800,4,13
85,4.558174,4,13
85,1.082400,6,13
85,40.547065,6,13
85,1.000000,13,2
85,6.270179,13,2
85,1.164800,13,4
85,1.329600,13,4
85,1.412000,13,4
85,1.494400,13,4
85,1.741600,13,4
85,1.824000,13,4
85,1.906400,13,4
85,1.988800,13,4
85,2.071200,13,4
85,2.153600,13,4
85,2.236000,13,4
85,2.318400,13,4
85,2.400800,13,4
85,2.483200,13,4
85,2.565600,13,4
85,2.648000,13,4
85,2.730400,13,4
85,2.812800,13,4
85,1.082400,13,18
85,1.576800,13,18
85,3.976697,13,18
85,1.247200,13,21
85,1.659200,13,21
85,3.403203,13,21
85,1.329600,15,13
85,4.663279,15,13
85,1.247200,18,13
85,1.412000,18,13
85,1.494400,18,13
85,1.576800,18,13
85,1.659200,18,13
85,1.741600,18,13
85,1.824000,18,13
85,1.906400,18,13
85,1.988800,18,13
85,2.071200,18,13
85,2.153600,18,13
85,2.236000,18,13
85,2.318400,18,13
85,2.400800,18,13
85,2.483200,18,13
85,2.565600,18,13
85,2.648000,18,13
85,2.730400,18,13
85,2.812800,18,13
85,2.895200,18,13
85,2.977600,21,13
85,3.060000,21,13
85,3.142400,21,13
85,3.224800,21,13
85,3.307200,21,13
85,3.389600,21,13
85,3.472000,21,13
85,3.554400,21,13
85,3.636800,21,13
85,3.719200,21,13
85,3.801600,21,13
85,3.884000,21,13
85,3.966400,21,13
86,1.082400,1,13
86,5.785012,1,13
86,3.142400,2,13
86,15.376961,2,13
86,1.164800,4,13
86,4.625600,4,13
86,1.082400,6,13
86,13.240975,6,13
86,1.412000,7,13
86,17.818771,7,13
86,1.000000,13,2
86,17.192117,13,2
86,1.164800,13,4
86,1.412000,13,4
86,1.494400,13,4
86,1.576800,13,4
86,1.659200,13,4
86,1.741600,13,4
86,1.906400,13,4
86,1.988800,13,4
86,2.071200,13,4
86,2.153600,13,4
86,2.236000,13,4
86,2.318400,13,4
86,2.400800,13,4
86,2.483200,13,4
86,2.648000,13,4
86,2.730400,13,4
86,2.812800,13,4
86,2.895200,13,4
86,2.977600,13,4
86,3.060000,13,4
86,3.142400,13,4
86,3.224800,13,4
86,3.307200,13,4
86,3.389600,13,4
86,3.472000,13,4
86,3.636800,13,4
86,3.719200,13,4
86,1.082400,13,18
86,1.247200,13,18
86,1.824000,13,18
86,5.356928,13,18
86,1.329600,13,21
86,2.565600,13,21
86,3.554400,13,21
86,4.227146,13,21
86,1.329600,15,13
86,17.320098,15,13
86,1.247200,18,13
86,1.494400,18,13
86,1.576800,18,13
86,1.659200,18,13
86,1.741600,18,13
86,1.824000,18,13
86,1.906400,18,13
86,1.988800,18,13
86,2.071200,18,13
86,2.153600,18,13
86,2.236000,18,13
86,2.318400,18,13
86,2.400800,18,13
86,2.483200,18,13
86,2.565600,18,13
86,2.648000,18,13
86,2.730400,18,13
86,2.812800,18,13
86,2.895200,18,13
86,2.977600,18,13
86,3.060000,18,13
86,3.224800,21,13
86,3.307200,21,13
86,3.389600,21,13
86,3.472000,21,13
86,3.554400,21,13
86,3.636800,21,13
86,3.719200,21,13
86,3.801600,21,13
86,3.884000,21,13
86,3.966400,21,13
86,4.048800,21,13
86,4.131200,21,13
86,4.213600,21,13
86,4.296000,21,13
86,4.378400,21,13
86,4.460800,21,13
86,4.543200,21,13
87,1.082400,1,13
87,2.363789,1,13
87,1.085696,4,13
87,4.671029,4,13
87,1.000000,13,2
87,3.635089,13,2
87,1.082400,13,4
87,1.329600,13,4
87,1.494400,13,4
87,1.576800,13,4
87,1.659200,13,4
87,1.741600,13,4
87,1.824000,13,4
87,1.906400,13,4
87,1.988800,13,4
87,2.153600,13,4
87,2.236000,13,4
87,2.400800,13,4
87,2.648000,13,4
87,2.730400,13,4
87,2.812800,13,4
87,2.895200,13,4
87,2.977600,13,4
87,3.060000,13,4
87,3.142400,13,4
87,1.164800,13,18
87,2.071200,13,18
87,9.741157,13,18
87,1.247200,13,21
87,1.412000,13,21
87,2.318400,13,21
87,2.483200,13,21
87,2.565600,13,21
87,3.372924,13,21
87,2.733696,15,13
87,25.763162,15,13
87,1.250496,18,13
87,1.332896,18,13
87,1.497696,18,13
87,1.662496,18,13
87,1.744896,18,13
87,1.827296,18,13
87,1.909696,18,13
87,1.992096,18,13
87,2.074496,18,13
87,2.156896,18,13
87,2.239296,18,13
87,2.321696,18,13
87,2.404096,18,13
87,2.486496,18,13
87,2.651296,18,13
87,1.168096,21,13
87,1.415296,21,13
87,1.580096,21,13
87,2.568896,21,13
87,3.132380,21,13
88,1.000000,13,2
88,8.060372,13,2
88,1.082400,13,4
88,1.329600,13,4
88,1.412000,13,4
88,1.494400,13,4
88,1.576800,13,4
88,1.659200,13,4
88,1.741600,13,4
88,1.824000,13,4
88,1.906400,13,4
88,1.988800,13,4
88,2.071200,13,4
88,2.153600,13,4
88,2.236000,13,4
88,2.318400,13,4
88,2.400800,13,4
88,2.483200,13,4
88,2.565600,13,4
88,2.730400,13,4
88,2.812800,13,4
88,1.164800,13,18
88,3.403317,13,18
88,1.247200,13,21
88,2.648000,13,21
88,3.116875,13,21
89,1.000000,13,2
89,9.093130,13,2
89,1.082400,13,4
89,1.412000,13,4
89,1.494400,13,4
89,1.576800,13,4
89,1.659200,13,4
89,1.741600,13,4
89,1.824000,13,4
89,1.906400,13,4
89,1.988800,13,4
89,2.071200,13,4
89,2.153600,13,4
89,2.236000,13,4
89,1.164800,13,18
89,1.329600,13,18
89,3.819257,13,18
89,1.247200,13,21
89,2.318400,13,21
90,1.000000,13,4
90,1.247200,13,4
90,1.412000,13,4
90,1.494400,13,4
90,1.576800,13,4
90,1.659200,13,4
90,1.741600,13,4
90,1.824000,13,4
90,1.906400,13,4
90,1.988800,13,4
90,2.071200,13,4
90,2.153600,13,4
90,2.236000,13,4
90,2.318400,13,4
90,1.082400,13,18
90,1.329600,13,18
90,5.219456,13,18
90,1.164800,13,21
90,3.424291,13,21
91,1.000000,13,2
91,23.923102,13,2
91,1.082400,13,4
91,1.329600,13,4
91,1.412000,13,4
91,1.494400,13,4
91,1.576800,13,4
91,1.659200,13,4
91,1.741600,13,4
91,1.824000,13,4
91,1.906400,13,4
91,1.988800,13,4
91,2.071200,13,4
91,2.153600,13,4
91,2.236000,13,4
91,2.318400,13,4
91,2.400800,13,4
91,2.483200,13,4
91,2.565600,13,4
91,2.648000,13,4
91,2.730400,13,4
91,2.812800,13,4
91,2.895200,13,4
91,1.164800,13,18
91,13.434645,13,18
91,1.247200,13,21
91,2.977600,13,21
92,1.000000,13,2
92,6.375236,13,2
92,1.164800,13,4
92,1.329600,13,4
92,1.412000,13,4
92,1.494400,13,4
92,1.576800,13,4
92,1.659200,13,4
92,1.741600,13,4
92,1.906400,13,4
92,1.988800,13,4
92,2.071200,13,4
92,2.153600,13,4
92,2.236000,13,4
92,2.318400,13,4
92,2.400800,13,4
92,2.483200,13,4
92,2.565600,13,4
92,2.648000,13,4
92,2.730400,13,4
92,1.247200,13,18
92,8.441516,13,18
92,1.082400,13,21
92,1.824000,13,21
92,4.574104,13,21
93,1.000000,13,2
93,2.730400,13,2
93,1.164800,13,4
93,1.412000,13,4
93,1.494400,13,4
93,1.576800,13,4
93,1.659200,13,4
93,1.741600,13,4
93,1.824000,13,4
93,1.906400,13,4
93,1.988800,13,4
93,2.071200,13,4
93,2.153600,13,4
93,2.236000,13,4
93,2.318400,13,4
93,2.400800,13,4
93,2.483200,13,4
93,2.565600,13,4
93,2.648000,13,4
93,2.812800,13,4
93,2.895200,13,4
93,2.977600,13,4
93,3.060000,13,4
93,1.329600,13,18
93,3.441450,13,18
93,1.082400,13,21
93,1.247200,13,21
93,3.297975,13,21
94,1.000000,13,2
94,27.634385,13,2
94,1.164800,13,4
94,1.329600,13,4
94,1.412000,13,4
94,1.494400,13,4
94,1.576800,13,4
94,1.659200,13,4
94,1.741600,13,4
94,1.824000,13,4
94,1.906400,13,4
94,1.988800,13,4
94,2.071200,13,4
94,2.153600,13,4
94,2.236000,13,4
94,2.400800,13,4
94,2.483200,13,4
94,2.565600,13,4
94,2.648000,13,4
94,2.895200,13,4
94,1.082400,13,18
94,6.375236,13,18
94,1.247200,13,21
94,2.318400,13,21
94,2.730400,13,21
94,2.812800,13,21
95,1.000000,13,2
95,4.662175,13,2
95,1.082400,13,4
95,1.329600,13,4
95,1.412000,13,4
95,1.494400,13,4
95,1.576800,13,4
95,1.659200,13,4
95,1.741600,13,4
95,1.824000,13,4
95,1.906400,13,4
95,1.988800,13,4
95,2.071200,13,4
95,2.153600,13,4
95,2.236000,13,4
95,2.318400,13,4
95,2.400800,13,4
95,2.483200,13,4
95,2.565600,13,4
95,2.648000,13,4
95,2.730400,13,4
95,2.812800,13,4
95,2.895200,13,4
95,2.977600,13,4
95,3.060000,13,4
95,3.142400,13,4
95,3.224800,13,4
95,3.389600,13,4
95,3.472000,13,4
95,3.554400,13,4
95,3.636800,13,4
95,3.719200,13,4
95,3.801600,13,4
95,3.884000,13,4
95,4.131200,13,4
95,1.164800,13,18
95,3.307200,13,18
95,9.845542,13,18
95,1.247200,13,21
95,3.966400,13,21
95,4.048800,13,21
95,4.213600,13,21
96,1.000000,13,2
96,9.096058,13,2
96,1.082400,13,4
96,1.329600,13,4
96,1.412000,13,4
96,1.494400,13,4
96,1.576800,13,4
96,1.659200,13,4
96,1.741600,13,4
96,1.824000,13,4
96,1.906400,13,4
96,1.988800,13,4
96,2.071200,13,4
96,2.153600,13,4
96,2.236000,13,4
96,2.318400,13,4
96,2.400800,13,4
96,2.483200,13,4
96,2.565600,13,4
96,2.648000,13,4
96,2.730400,13,4
96,2.977600,13,4
96,3.060000,13,4
96,3.142400,13,9
96,3.224800,13,9
96,6.406918,13,9
96,1.164800,13,18
96,3.921339,13,18
96,1.247200,13,21
96,2.812800,13,21
96,2.895200,13,21
96,3.307200,13,21
97,1.000000,13,2
97,3.307200,13,2
97,1.164800,13,4
97,1.412000,13,4
97,1.494400,13,4
97,1.576800,13,4
97,1.659200,13,4
97,1.741600,13,4
97,1.824000,13,4
97,1.906400,13,4
97,1.988800,13,4
97,2.071200,13,4
97,2.153600,13,4
97,2.236000,13,4
97,2.318400,13,4
97,2.400800,13,4
97,2.483200,13,4
97,2.565600,13,4
97,2.648000,13,4
97,2.730400,13,4
97,2.812800,13,4
97,2.895200,13,4
97,3.060000,13,4
97,3.142400,13,4
97,3.224800,13,4
97,1.247200,13,9
97,2.977600,13,9
97,6.716834,13,9
97,1.329600,13,18
97,5.400034,13,18
97,1.082400,13,21
97,22.892879,13,21
98,1.000000,13,2
98,4.368135,13,2
98,1.247200,13,4
98,1.412000,13,4
98,1.494400,13,4
98,1.576800,13,4
98,1.659200,13,4
98,1.741600,13,4
98,1.824000,13,4
98,1.906400,13,4
98,1.988800,13,4
98,2.071200,13,4
98,2.236000,13,4
98,2.318400,13,4
98,2.400800,13,4
98,2.483200,13,4
98,2.565600,13,4
98,2.730400,13,4
98,2.895200,13,4
98,2.977600,13,4
98,3.060000,13,4
98,3.142400,13,4
98,3.307200,13,4
98,3.389600,13,4
98,1.329600,13,9
98,2.648000,13,9
98,2.812800,13,9
98,3.224800,13,9
98,3.472000,13,9
98,1.082400,13,18
98,2.153600,13,18
98,1.164800,13,21
98,3.554400,13,21
99,1.000000,13,2
99,3.142400,13,2
99,3.472000,13,2
99,1.247200,13,4
99,1.412000,13,4
99,1.494400,13,4
99,1.576800,13,4
99,1.659200,13,4
99,1.741600,13,4
99,1.824000,13,4
99,1.906400,13,4
99,1.988800,13,4
99,2.071200,13,4
99,2.153600,13,4
99,2.318400,13,4
99,2.400800,13,4
99,2.483200,13,4
99,2.565600,13,4
99,2.648000,13,4
99,2.730400,13,4
99,2.812800,13,4
99,2.895200,13,4
99,2.977600,13,4
99,3.060000,13,4
99,3.224800,13,4
99,3.307200,13,4
99,3.389600,13,4
99,1.329600,13,9
99,3.554400,13,9
99,1.082400,13,18
99,3.819890,13,18
99,1.164800,13,21
99,2.236000,13,21
100,1.000000,13,2
100,1.741600,13,2
100,2.400800,13,2
100,1.247200,13,4
100,1.412000,13,4
100,1.494400,13,4
100,1.576800,13,4
100,1.659200,13,4
100,1.906400,13,4
100,1.988800,13,4
100,2.071200,13,4
100,2.153600,13,4
100,2.236000,13,4
100,2.318400,13,4
100,2.483200,13,4
100,2.565600,13,4
100,2.648000,13,4
100,2.730400,13,4
100,2.812800,13,4
100,2.895200,13,4
100,2.977600,13,4
100,3.060000,13,4
100,3.142400,13,4
100,3.307200,13,4
100,3.389600,13,4
100,1.329600,13,9
100,1.824000,13,9
100,3.224800,13,9
100,3.472000,13,9
100,1.082400,13,18
100,3.905812,13,18
100,1.164800,13,21
100,17.192117,13,21
101,1.000000,13,0
101,3.884000,13,0
101,1.082400,13,2
101,2.812800,13,2
101,1.247200,13,4
101,1.741600,13,4
101,1.824000,13,4
101,1.906400,13,4
101,1.988800,13,4
101,2.071200,13,4
101,2.153600,13,4
101,2.236000,13,4
101,2.318400,13,4
101,2.400800,13,4
101,2.483200,13,4
101,2.565600,13,4
101,2.648000,13,4
101,2.895200,13,4
101,2.977600,13,4
101,3.060000,13,4
101,3.142400,13,4
101,3.224800,13,4
101,3.389600,13,4
101,3.472000,13,4
101,3.554400,13,4
101,3.636800,13,4
101,3.719200,13,4
101,1.412000,13,9
101,1.659200,13,9
101,3.307200,13,9
101,3.801600,13,9
101,1.164800,13,18
101,1.329600,13,18
101,1.494400,13,18
101,2.730400,13,18
101,1.576800,13,21
101,5.382008,13,21
102,1.000000,13,0
102,4.213600,13,0
102,1.247200,13,2
102,2.812800,13,2
102,4.131200,13,2
102,1.329600,13,4
102,1.576800,13,4
102,1.659200,13,4
102,1.741600,13,4
102,1.824000,13,4
102,1.906400,13,4
102,1.988800,13,4
102,2.071200,13,4
102,2.236000,13,4
102,2.318400,13,4
102,2.400800,13,4
102,2.483200,13,4
102,2.565600,13,4
102,2.730400,13,4
102,2.895200,13,4
102,2.977600,13,4
102,3.060000,13,4
102,3.142400,13,4
102,3.224800,13,4
102,3.307200,13,4
102,3.389600,13,4
102,3.472000,13,4
102,3.554400,13,4
102,3.636800,13,4
102,3.719200,13,4
102,3.801600,13,4
102,3.884000,13,4
102,3.966400,13,4
102,4.048800,13,4
102,1.412000,13,9
102,2.153600,13,9
102,4.296000,13,9
102,1.082400,13,18
102,1.494400,13,18
102,2.648000,13,18
102,1.164800,13,21
102,4.874417,13,21
103,1.000000,13,0
103,15.883033,13,0
103,1.247200,13,2
103,3.472000,13,2
103,4.131200,13,2
103,1.329600,13,4
103,1.494400,13,4
103,1.576800,13,4
103,1.659200,13,4
103,1.741600,13,4
103,1.906400,13,4
103,1.988800,13,4
103,2.153600,13,4
103,2.236000,13,4
103,2.318400,13,4
103,2.400800,13,4
103,2.565600,13,4
103,2.648000,13,4
103,2.730400,13,4
103,2.895200,13,4
103,2.977600,13,4
103,3.060000,13,4
103,3.142400,13,4
103,3.224800,13,4
103,3.307200,13,4
103,3.389600,13,4
103,3.554400,13,4
103,3.719200,13,4
103,3.801600,13,4
103,3.884000,13,4
103,3.966400,13,4
103,4.048800,13,4
103,1.412000,13,9
103,2.812800,13,9
103,3.636800,13,9
103,4.213600,13,9
103,1.082400,13,18
103,2.071200,13,18
103,2.483200,13,18
103,1.164800,13,21
103,1.824000,13,21
103,8.238953,13,21
104,1.000000,13,2
104,1.494400,13,2
104,1.741600,13,2
104,2.318400,13,2
104,4.296000,13,2
104,1.247200,13,4
104,1.576800,13,4
104,1.659200,13,4
104,1.824000,13,4
104,1.906400,13,4
104,1.988800,13,4
104,2.071200,13,4
104,2.153600,13,4
104,2.236000,13,4
104,2.400800,13,4
104,2.483200,13,4
104,2.565600,13,4
104,2.648000,13,4
104,2.730400,13,4
104,2.812800,13,4
104,2.895200,13,4
104,2.977600,13,4
104,3.060000,13,4
104,3.142400,13,4
104,3.224800,13,4
104,3.307200,13,4
104,3.389600,13,4
104,3.472000,13,4
104,3.554400,13,4
104,3.636800,13,4
104,3.719200,13,4
104,3.801600,13,4
104,3.966400,13,4
104,4.048800,13,4
104,4.131200,13,4
104,1.082400,13,9
104,1.329600,13,9
104,3.884000,13,9
104,1.164800,13,18
104,4.213600,13,18
104,1.412000,13,21
104,9.601651,13,21
105,1.000000,13,2
105,2.977600,13,2
105,3.142400,13,2
105,4.048800,13,2
105,4.708000,13,2
105,1.247200,13,4
105,1.412000,13,4
105,1.659200,13,4
105,1.741600,13,4
105,1.824000,13,4
105,1.906400,13,4
105,1.988800,13,4
105,2.071200,13,4
105,2.236000,13,4
105,2.318400,13,4
105,2.400800,13,4
105,2.483200,13,4
105,2.565600,13,4
105,2.648000,13,4
105,2.730400,13,4
105,2.812800,13,4
105,2.895200,13,4
105,3.060000,13,4
105,3.224800,13,4
105,3.307200,13,4
105,3.389600,13,4
105,3.472000,13,4
105,3.554400,13,4
105,3.719200,13,4
105,3.801600,13,4
105,3.884000,13,4
105,3.966400,13,4
105,4.131200,13,4
105,4.213600,13,4
105,4.296000,13,4
105,4.378400,13,4
105,4.460800,13,4
105,4.543200,13,4
105,1.082400,13,9
105,1.494400,13,9
105,1.576800,13,9
105,3.636800,13,9
105,1.164800,13,18
105,2.153600,13,18
105,1.329600,13,21
105,4.625600,13,21
106,1.000000,13,2
106,2.483200,13,2
106,3.224800,13,2
106,1.247200,13,4
106,1.494400,13,4
106,1.576800,13,4
106,1.659200,13,4
106,1.741600,13,4
106,1.824000,13,4
106,1.906400,13,4
106,1.988800,13,4
106,2.071200,13,4
106,2.153600,13,4
106,2.236000,13,4
106,2.318400,13,4
106,2.400800,13,4
106,2.648000,13,4
106,2.730400,13,4
106,2.812800,13,4
106,2.895200,13,4
106,2.977600,13,4
106,3.060000,13,4
106,3.142400,13,4
106,1.329600,13,9
106,1.412000,13,9
106,2.565600,13,9
106,5.025486,13,9
106,1.082400,13,18
106,4.583491,13,18
106,1.164800,13,21
106,4.292917,13,21
107,1.000000,13,2
107,3.060000,13,2
107,1.164800,13,4
107,1.412000,13,4
107,1.494400,13,4
107,1.576800,13,4
107,1.659200,13,4
107,1.741600,13,4
107,1.824000,13,4
107,1.906400,13,4
107,1.988800,13,4
107,2.071200,13,4
107,2.153600,13,4
107,2.236000,13,4
107,2.318400,13,4
107,2.400800,13,4
107,2.483200,13,4
107,2.565600,13,4
107,2.648000,13,4
107,2.812800,13,4
107,2.895200,13,4
107,2.977600,13,4
107,3.142400,13,4
107,3.224800,13,4
107,3.307200,13,4
107,3.472000,13,4
107,1.247200,13,9
107,3.389600,13,9
107,3.554400,13,9
107,1.082400,13,18
107,2.730400,13,18
107,1.329600,13,21
107,8.441516,13,21
108,1.000000,13,2
108,2.812800,13,2
108,3.389600,13,2
108,3.680492,13,2
108,1.247200,13,4
108,1.494400,13,4
108,1.576800,13,4
108,1.659200,13,4
108,1.741600,13,4
108,1.824000,13,4
108,1.906400,13,4
108,1.988800,13,4
108,2.071200,13,4
108,2.236000,13,4
108,2.318400,13,4
108,2.400800,13,4
108,2.483200,13,4
108,2.565600,13,4
108,2.648000,13,4
108,2.730400,13,4
108,2.895200,13,4
108,2.977600,13,4
108,3.060000,13,4
108,3.224800,13,4
108,3.307200,13,4
108,3.472000,13,4
108,3.554400,13,4
108,1.082400,13,9
108,1.412000,13,9
108,2.153600,13,9
108,1.164800,13,18
108,3.142400,13,18
108,1.329600,13,21
108,9.878128,13,21
109,1.000000,13,2
109,1.988800,13,2
109,2.730400,13,2
109,3.307200,13,2
109,1.329600,13,4
109,1.494400,13,4
109,1.576800,13,4
109,1.659200,13,4
109,1.741600,13,4
109,1.824000,13,4
109,1.906400,13,4
109,2.071200,13,4
109,2.153600,13,4
109,2.236000,13,4
109,2.318400,13,4
109,2.400800,13,4
109,2.565600,13,4
109,2.648000,13,4
109,2.812800,13,4
109,2.895200,13,4
109,2.977600,13,4
109,3.142400,13,4
109,1.412000,13,9
109,2.483200,13,9
109,3.060000,13,9
109,3.224800,13,9
109,1.000000,13,14
109,27.634385,13,14
109,1.082400,13,18
109,1.247200,13,18
109,8.930197,13,18
109,1.164800,13,21
109,6.375236,13,21
110,1.000000,13,2
110,2.400800,13,2
110,2.565600,13,2
110,3.719200,13,2
110,1.247200,13,4
110,1.412000,13,4
110,1.494400,13,4
110,1.576800,13,4
110,1.659200,13,4
110,1.741600,13,4
110,1.824000,13,4
110,1.906400,13,4
110,1.988800,13,4
110,2.071200,13,4
110,2.236000,13,4
110,2.483200,13,4
110,2.730400,13,4
110,2.812800,13,4
110,2.895200,13,4
110,2.977600,13,4
110,3.060000,13,4
110,3.142400,13,4
110,3.224800,13,4
110,3.307200,13,4
110,3.389600,13,4
110,3.472000,13,4
110,3.554400,13,4
110,3.636800,13,4
110,1.329600,13,9
110,2.153600,13,9
110,2.648000,13,9
110,4.531990,13,9
110,1.082400,13,18
110,2.318400,13,18
110,1.164800,13,21
110,3.801600,13,21
111,1.000000,13,2
111,2.071200,13,2
111,2.236000,13,2
111,4.065182,13,2
111,1.247200,13,4
111,1.412000,13,4
111,1.576800,13,4
111,1.659200,13,4
111,1.824000,13,4
111,1.906400,13,4
111,1.988800,13,4
111,2.153600,13,4
111,2.318400,13,4
111,2.483200,13,4
111,2.565600,13,4
111,2.648000,13,4
111,2.730400,13,4
111,2.812800,13,4
111,2.895200,13,4
111,2.977600,13,4
111,3.060000,13,4
111,3.142400,13,4
111,3.224800,13,4
111,3.307200,13,4
111,3.389600,13,4
111,3.472000,13,4
111,3.554400,13,4
111,1.329600,13,9
111,1.741600,13,9
111,5.827758,13,9
111,1.082400,13,18
111,2.400800,13,18
111,1.164800,13,21
111,1.494400,13,21
111,4.776582,13,21
112,1.000000,13,2
112,3.142400,13,2
112,1.247200,13,4
112,1.494400,13,4
112,1.659200,13,4
112,1.741600,13,4
112,1.824000,13,4
112,1.906400,13,4
112,1.988800,13,4
112,2.071200,13,4
112,2.153600,13,4
112,2.236000,13,4
112,2.318400,13,4
112,2.400800,13,4
112,2.483200,13,4
112,2.565600,13,4
112,2.648000,13,4
112,2.730400,13,4
112,2.812800,13,4
112,2.895200,13,4
112,2.977600,13,4
112,3.060000,13,4
112,1.329600,13,9
112,1.412000,13,9
112,3.709610,13,9
112,1.082400,13,18
112,3.224800,13,18
112,1.164800,13,21
112,1.576800,13,21
112,7.921487,13,21
113,1.000000,13,2
113,6.330074,13,2
113,1.164800,13,4
113,1.412000,13,4
113,1.494400,13,4
113,1.576800,13,4
113,1.659200,13,4
113,1.741600,13,4
113,1.824000,13,4
113,1.906400,13,4
113,1.988800,13,4
113,2.153600,13,4
113,2.236000,13,4
113,2.318400,13,4
113,2.400800,13,4
113,2.565600,13,4
113,2.648000,13,4
113,2.730400,13,4
113,2.895200,13,4
113,1.247200,13,9
113,2.812800,13,9
113,3.344313,13,9
113,1.082400,13,18
113,2.071200,13,18
113,2.483200,13,18
113,1.329600,13,21
113,15.595253,13,21
114,1.000000,13,2
114,8.060372,13,2
114,1.247200,13,4
114,1.412000,13,4
114,1.494400,13,4
114,1.576800,13,4
114,1.741600,13,4
114,1.906400,13,4
114,1.988800,13,4
114,2.071200,13,4
114,2.153600,13,4
114,2.236000,13,4
114,2.318400,13,4
114,1.082400,13,9
114,1.659200,13,9
114,3.438435,13,9
114,1.164800,13,18
114,1.824000,13,18
114,2.825334,13,18
114,1.329600,13,21
114,9.878128,13,21
115,1.000000,13,4
115,1.329600,13,4
115,1.494400,13,4
115,1.576800,13,4
115,1.741600,13,4
115,1.824000,13,4
115,1.906400,13,4
115,1.988800,13,4
115,2.318400,13,4
115,2.400800,13,4
115,2.483200,13,4
115,2.730400,13,4
115,2.812800,13,4
115,1.247200,13,9
115,1.412000,13,9
115,1.659200,13,9
115,2.153600,13,9
115,2.236000,13,9
115,2.648000,13,9
115,6.354659,13,9
115,1.082400,13,18
115,2.565600,13,18
115,1.164800,13,21
115,2.071200,13,21
115,5.474167,13,21
